IN 2
H1 32
H2 32
OUT 1
NORMALIZATION log
LOG_BASE e
x_floor 1.0000000000000001e-30
x_floor 9.9999999999999998e-13
y_floor 1.0000000000000001e-30
x_mean 15.853013060672888
x_std 1.2777508831457713
x_mean -14.369379188536289
x_std 1.0928669173617296
y_mean 25.432599186435276
y_std 1.4568046734404581
W1
0.37716269493103027 -0.9881560206413269
1.0613752603530884 1.1230244636535645
-0.23424690961837769 0.13514386117458344
-1.3244756460189819 -0.3011040985584259
-0.18812794983386993 0.057882670313119888
1.7622171640396118 -2.0585103034973145
0.26288202404975891 -1.1394480466842651
1.247675895690918 -1.5736755132675171
1.1665699481964111 -0.44223493337631226
0.021437928080558777 -0.24439014494419098
0.80467867851257324 0.59174603223800659
2.8588581085205078 -0.22900135815143585
2.1041629314422607 2.5795176029205322
0.24970965087413788 -0.63529455661773682
0.31832242012023926 0.10914440453052521
0.14842723309993744 -1.0642595291137695
-0.027990266680717468 0.37677866220474243
0.020864475518465042 0.40509152412414551
0.31266757845878601 0.87797188758850098
1.1734099388122559 -0.35824176669120789
-1.6045153141021729 0.51894122362136841
-1.4420636892318726 -1.9770216941833496
1.2820620536804199 -0.52843993902206421
-0.039613235741853714 1.0027685165405273
-0.15157707035541534 -0.68956089019775391
0.40988624095916748 0.31485140323638916
1.3263564109802246 1.1281833648681641
-0.021604711189866066 0.33711281418800354
-0.88701295852661133 -1.4709823131561279
0.1356823593378067 1.4878536462783813
0.3628501296043396 1.4258604049682617
0.37324383854866028 -0.24199128150939941
b1
0.010491695255041122 -0.029144151136279106 0.013863750733435154 -0.042914353311061859 -0.029911821708083153 0.0074429484084248543 -0.0072621083818376064 0.026866335421800613 -0.0052588069811463356 0.032344307750463486 -0.0033942763693630695 0.062002755701541901 0.011310459114611149 0.028264103457331657 -0.011151622049510479 0.0021112377289682627 0.015201556496322155 0.0029761551413685083 0.010640659369528294 -0.047243181616067886 -0.0224793441593647 -0.012388237752020359 0.070128791034221649 -0.023828811943531036 0.0029746463987976313 0.015749827027320862 -0.011046143248677254 -0.013025400228798389 -0.036389552056789398 -0.054885819554328918 0.011976463720202446 0.0066593894734978676
W2
0.21896079182624817 0.099794156849384308 0.63170522451400757 0.44849207997322083 -0.02307087741792202 0.3584102988243103 0.21175666153430939 -0.28381231427192688 -0.010064444504678249 -0.4717368483543396 -0.41128134727478027 0.061162229627370834 -0.075210928916931152 -0.2133491039276123 0.20469214022159576 -0.49597084522247314 0.041984863579273224 -0.30806457996368408 -0.56382536888122559 0.5101969838142395 0.0052101705223321915 0.16954827308654785 0.28554025292396545 0.019395262002944946 0.4429047703742981 0.17587019503116608 0.63378465175628662 -0.10872466117143631 -0.52095341682434082 -0.27050909399986267 -0.52359247207641602 0.029691839590668678
0.12250031530857086 0.20151056349277496 0.27130585908889771 -0.14707836508750916 -0.091614782810211182 0.14108148217201233 0.44835576415061951 -0.10666761547327042 0.19999131560325623 -0.33432847261428833 -0.27214512228965759 0.32369902729988098 0.15330155193805695 0.14261177182197571 0.29522338509559631 -0.267067551612854 -0.006338097620755434 -0.03751349076628685 0.10153042525053024 0.22864693403244019 -0.21275500953197479 0.48569083213806152 -0.46517112851142883 -0.44160196185112 -0.17911867797374725 0.55645626783370972 0.11719144135713577 0.11818049103021622 0.016008021309971809 -0.0083069661632180214 0.33523222804069519 0.045286364853382111
0.13846284151077271 -0.29933351278305054 0.23979979753494263 0.0011237474391236901 0.14138323068618774 -0.57675158977508545 0.12214042246341705 -0.008546135388314724 -0.85507208108901978 0.17931835353374481 0.38827255368232727 0.1194387674331665 -0.078529693186283112 -0.0015705251134932041 0.31088438630104065 0.49586063623428345 0.10729073733091354 -0.017971724271774292 0.042858384549617767 0.19650565087795258 -0.3815571665763855 -0.077638097107410431 -0.067420266568660736 -0.012056832201778889 0.32906350493431091 -0.11891972273588181 -0.07005319744348526 0.34434443712234497 -0.057305663824081421 0.0290958471596241 0.057171162217855453 0.15342527627944946
0.17757353186607361 -0.52337110042572021 0.14399701356887817 -0.021899966523051262 -0.30396574735641479 -0.12866313755512238 -0.59550923109054565 0.042731054127216339 -0.11089067161083221 0.15283791720867157 -0.0054270578548312187 0.26890811324119568 0.65140575170516968 -0.23838123679161072 -0.40714094042778015 -0.63354712724685669 0.58292388916015625 0.066970914602279663 0.21100078523159027 0.30872216820716858 -0.32493790984153748 0.50652569532394409 -0.24535368382930756 -0.081523343920707703 -0.41102120280265808 0.18315720558166504 -0.35789012908935547 0.08751765638589859 -0.34363991022109985 0.018426630645990372 -0.080799750983715057 -0.080098718404769897
0.35688185691833496 -0.17738094925880432 -0.21414680778980255 0.24523742496967316 0.050283115357160568 -0.25891104340553284 0.24236567318439484 0.14642524719238281 -0.13871318101882935 0.069952912628650665 0.39401170611381531 0.78080666065216064 -0.026761069893836975 0.085413433611392975 0.041241705417633057 -0.54244852066040039 0.40638139843940735 0.57109731435775757 0.028555626049637794 -0.24642662703990936 -0.24941544234752655 0.17588299512863159 -0.052385319024324417 -0.069508589804172516 0.44273236393928528 0.25759574770927429 -0.053589668124914169 -0.24485184252262115 -0.10211168229579926 -0.28471189737319946 0.33964166045188904 -0.26234099268913269
0.20896467566490173 0.063221670687198639 -0.22741216421127319 -0.42396169900894165 0.43670240044593811 -0.088282234966754913 0.0037306672893464565 0.46072709560394287 0.021574504673480988 0.37933334708213806 -0.15848264098167419 0.017755012959241867 0.33905190229415894 0.60011869668960571 0.2838292121887207 0.05653916671872139 -0.12389389425516129 0.035753410309553146 0.011183856055140495 -0.16562837362289429 0.051430489867925644 0.20214191079139709 0.31480249762535095 -0.065944910049438477 0.36907529830932617 0.44808167219161987 0.35996535420417786 0.021219128742814064 0.10025618225336075 0.0098810018971562386 -0.044723082333803177 0.49822345376014709
0.23815120756626129 0.18556590378284454 0.15489098429679871 0.21837893128395081 -0.10906693339347839 0.018923114985227585 0.25522926449775696 -0.20467926561832428 0.0056627118028700352 -0.22668683528900146 -0.02205190435051918 -0.21228994429111481 0.34207293391227722 -0.22101503610610962 0.078265957534313202 0.17431293427944183 0.25667151808738708 0.089050054550170898 0.073653526604175568 0.19660018384456635 -0.05352313444018364 -0.16825315356254578 -0.042323771864175797 0.29243221879005432 0.15304282307624817 -0.18563416600227356 -0.36226636171340942 -0.0065486514940857887 0.29438865184783936 -0.0050561344251036644 -0.0042886165902018547 0.0043208836577832699
0.44497326016426086 -0.13538755476474762 -0.0021376083604991436 0.042200177907943726 0.12138865888118744 -0.10237728804349899 0.063583329319953918 0.57350093126296997 -0.43613892793655396 -0.0008919013780541718 0.13869476318359375 0.019758697599172592 -0.063071832060813904 -0.53738409280776978 0.42744758725166321 -0.43995958566665649 0.2288661003112793 0.36658203601837158 -0.33563017845153809 0.37127968668937683 0.031932435929775238 -0.12154283374547958 -0.14926271140575409 -0.15872523188591003 0.084983006119728088 -0.080304346978664398 0.079022929072380066 -0.26611387729644775 0.018111273646354675 -0.24440458416938782 0.41416141390800476 0.26140806078910828
0.26494854688644409 -0.07738969475030899 0.50864362716674805 -0.099695734679698944 -0.26300889253616333 -0.3178781270980835 0.016166955232620239 0.11871012300252914 0.087024711072444916 0.19381293654441833 0.156325563788414 0.16748042404651642 0.027526672929525375 0.090876191854476929 0.37008556723594666 -0.11767721921205521 -0.13492326438426971 0.26332718133926392 -0.13902118802070618 0.4301181435585022 -0.41132313013076782 -0.035967413336038589 0.080649711191654205 -0.094738990068435669 0.42241629958152771 -0.04039512574672699 0.15355357527732849 -0.17171561717987061 0.019977042451500893 0.068062938749790192 0.28760477900505066 0.25485688447952271
0.31024760007858276 -0.35842323303222656 0.17949029803276062 0.081863828003406525 -0.07876075804233551 -0.062855623662471771 -0.43007192015647888 0.27490386366844177 -0.20017963647842407 -0.011924050748348236 0.25183695554733276 0.70369452238082886 -0.095467396080493927 0.39053133130073547 -0.31633773446083069 0.0020783501677215099 -0.28848356008529663 -0.049132578074932098 0.37712386250495911 0.0453074611723423 -0.0014486212749034166 -0.13455429673194885 0.10949389636516571 0.075570307672023773 -0.2380298376083374 0.32889842987060547 0.071684464812278748 -0.18905134499073029 0.076283201575279236 0.075363047420978546 0.069194898009300232 0.35072061419487
0.19818857312202454 0.0058396654203534126 0.11498276144266129 -0.52284598350524902 -0.56630980968475342 0.16837209463119507 -0.023265272378921509 -0.13797958195209503 0.36786541342735291 -0.017432194203138351 -0.10453961789608002 0.14442439377307892 -0.028599508106708527 0.15261192619800568 -0.15137740969657898 -0.35344928503036499 -0.16494841873645782 0.18413251638412476 -0.30213212966918945 0.39817416667938232 -0.092519938945770264 -0.00094929971965029836 -0.17803554236888885 0.074507683515548706 0.066554427146911621 0.066548094153404236 0.064920708537101746 0.29120504856109619 0.061310231685638428 -0.35265260934829712 0.41281324625015259 0.22697465121746063
-0.49753764271736145 -0.37710440158843994 -0.092743776738643646 0.1159728616476059 -0.056584343314170837 0.23453754186630249 -0.23267543315887451 -0.045189924538135529 -0.33654746413230896 -0.24050150811672211 -0.031304735690355301 0.15776404738426208 -0.14879621565341949 0.31539854407310486 -0.31474369764328003 0.11713127046823502 0.1312016099691391 0.1514497697353363 -0.037767995148897171 0.028603866696357727 0.21849983930587769 -0.10627236217260361 -0.52914899587631226 0.4064326286315918 -0.35738393664360046 -0.092657208442687988 -0.24306885898113251 -0.19018156826496124 -0.11764448136091232 0.18132524192333221 0.32458537817001343 -0.46176868677139282
0.3122887909412384 0.09437396377325058 0.089053809642791748 0.32542464137077332 -0.58629071712493896 -0.04976770281791687 -0.12761709094047546 -0.17088483273983002 0.092808909714221954 0.16556088626384735 -0.0060852961614727974 -0.2282336950302124 -0.028085742145776749 0.54406523704528809 -0.20614130795001984 0.48102951049804688 -0.34503981471061707 -0.028809726238250732 -0.38529679179191589 0.14635553956031799 0.036425307393074036 -0.34412902593612671 0.20216952264308929 -0.18370078504085541 0.13070033490657806 -0.37260386347770691 -0.16608275473117828 0.02999318391084671 0.10692869871854782 -0.27729827165603638 -0.28971156477928162 0.28012534976005554
-0.38696452975273132 -0.13452392816543579 -0.57216393947601318 0.44343242049217224 -0.16018287837505341 0.39640629291534424 -0.0022472534328699112 0.18343894183635712 0.032469291239976883 -0.083858542144298553 0.42519131302833557 -0.038291536271572113 0.28815394639968872 0.15494009852409363 0.34970158338546753 0.062663614749908447 -0.075329869985580444 0.1065056100487709 -0.16753239929676056 -0.025601692497730255 -0.015781521797180176 0.098275959491729736 0.43711477518081665 -0.12080864608287811 -0.59049665927886963 -0.17658157646656036 -0.024742135778069496 -0.29343143105506897 0.10297214984893799 -0.14394913613796234 -0.063562855124473572 -0.067660093307495117
0.46561771631240845 -0.064450554549694061 0.26718476414680481 -0.18521356582641602 0.070532843470573425 0.27791386842727661 -0.20005349814891815 -0.10151676088571548 0.35608860850334167 -0.07976088672876358 0.15715108811855316 0.18309830129146576 -0.14446051418781281 -0.3157709538936615 -0.21914507448673248 0.15883101522922516 -0.058074943721294403 -0.39795538783073425 -0.41175541281700134 -0.49012690782546997 -0.2237454354763031 0.58286821842193604 0.016986953094601631 -0.32427918910980225 0.23870974779129028 0.27700123190879822 -0.063220508396625519 0.29655089974403381 -0.15238970518112183 -0.22314354777336121 -0.028789114207029343 -0.46334192156791687
-0.061890795826911926 0.29225310683250427 -0.045893356204032898 0.27185967564582825 0.47901645302772522 -0.45112693309783936 -0.30963453650474548 -0.25499221682548523 0.1098727360367775 -0.18136799335479736 -0.55105984210968018 0.35536962747573853 -0.23667487502098083 -0.0087343277409672737 0.038552079349756241 0.23128530383110046 0.033043403178453445 -0.31459683179855347 -0.12648452818393707 0.0073053990490734577 -0.2034912109375 -0.16165788471698761 0.094349920749664307 -0.020747266709804535 0.18498960137367249 0.036709841340780258 0.15136969089508057 0.043079312890768051 0.053406015038490295 0.21015724539756775 -0.5156625509262085 0.5029064416885376
0.003378603607416153 0.082757420837879181 -0.064421363174915314 -0.12323480844497681 -0.0068202540278434753 -0.22549887001514435 0.60308206081390381 0.048337940126657486 0.30832469463348389 0.17508302628993988 0.23183993995189667 0.41352632641792297 -0.1587214469909668 0.17715972661972046 -0.30828455090522766 0.36570578813552856 0.089003957808017731 -0.22528669238090515 0.4962654709815979 0.6645888090133667 0.098746471107006073 -0.28388428688049316 0.14560550451278687 0.38171815872192383 0.22404815256595612 0.3046710193157196 0.29175260663032532 0.1159001812338829 -0.31337279081344604 -0.032674670219421387 -0.088752135634422302 -0.27312257885932922
-0.37460923194885254 0.23304137587547302 -0.1970611959695816 0.27261587977409363 -0.037742841988801956 0.1573786735534668 -0.10354634374380112 0.018290074542164803 0.045509610325098038 0.30497947335243225 -0.17989008128643036 0.36828598380088806 -0.42982739210128784 0.3949073851108551 0.23052895069122314 0.37393021583557129 -0.45180466771125793 -0.087985731661319733 0.30519011616706848 -0.21839612722396851 -0.48929470777511597 -0.28229939937591553 -0.14867091178894043 0.51043230295181274 -0.25822675228118896 -0.142426997423172 0.24601750075817108 0.2903534471988678 -0.098473802208900452 -0.1505478173494339 0.36538642644882202 0.051308330148458481
-0.19529592990875244 -0.17416712641716003 0.36557841300964355 0.0083815259858965874 0.34074485301971436 -0.046631932258605957 0.073009200394153595 -0.014725175686180592 0.1082867905497551 -0.23841817677021027 0.38695132732391357 -0.037054251879453659 -0.04127323254942894 0.010522649623453617 0.060791846364736557 0.19160503149032593 -0.19352333247661591 -0.47683823108673096 0.00344661227427423 0.0078777279704809189 -0.16495710611343384 0.21686734259128571 0.071161843836307526 0.33775955438613892 0.15849825739860535 0.053976085036993027 0.5635036826133728 -0.16653415560722351 -0.028568247333168983 -0.55758422613143921 -0.37023010849952698 -0.36728709936141968
0.016260957345366478 -0.35087025165557861 -0.23854266107082367 0.083375521004199982 -0.11428254842758179 0.65151417255401611 -0.51213639974594116 -0.11612533777952194 0.39663040637969971 -0.096382841467857361 -0.52141106128692627 -0.19778497517108917 -0.67312908172607422 -0.35524472594261169 0.37997332215309143 0.13617859780788422 0.57893252372741699 0.40772375464439392 0.26354104280471802 -0.24403467774391174 0.17537705600261688 -0.084660425782203674 0.10477872937917709 0.4231126606464386 0.13382050395011902 0.29606732726097107 -0.050099503248929977 -0.25798362493515015 0.12024407088756561 -0.12078652530908585 0.47749143838882446 0.51438021659851074
-0.14696812629699707 -0.11840099096298218 0.0064327390864491463 -0.11626065522432327 -0.17364776134490967 -0.010571521706879139 -0.2256195992231369 -0.19816581904888153 0.11600691825151443 -0.30487638711929321 -0.63291507959365845 -0.64663344621658325 -0.21768297255039215 0.034297294914722443 0.0075219054706394672 -0.083741717040538788 0.022344714030623436 -0.1219724714756012 0.26812455058097839 -0.058516882359981537 -0.29554423689842224 -0.086581297218799591 0.067420661449432373 -0.30308407545089722 0.18591663241386414 -0.24709562957286835 -0.0069823642261326313 -0.0085707567632198334 -0.37538972496986389 -0.25905227661132812 -0.065011046826839447 0.4365374743938446
-0.15335758030414581 0.37729561328887939 0.58852696418762207 -0.2042648047208786 0.087345317006111145 -0.73536145687103271 -0.31878051161766052 -1.0453308820724487 -0.061851806938648224 -0.10214409977197647 0.26136744022369385 0.048564594238996506 -0.38173002004623413 0.21322737634181976 -0.06832953542470932 -0.29156216979026794 -0.0030686403624713421 0.058792304247617722 0.20285312831401825 0.1918022483587265 0.22448438405990601 -0.06353161484003067 -0.51885682344436646 0.37693694233894348 -0.28417098522186279 -0.022775376215577126 0.054045561701059341 0.10330685973167419 0.36461982131004333 0.13475628197193146 0.011729891411960125 0.30257028341293335
-0.2143045961856842 0.099858924746513367 0.095092624425888062 -0.27082252502441406 -0.061358135193586349 0.14547814428806305 -0.017155064269900322 0.50869917869567871 0.051105409860610962 0.16971533000469208 -0.11410761624574661 0.46885412931442261 0.20553164184093475 0.18552117049694061 0.45785737037658691 0.40981733798980713 0.12664826214313507 -0.099014252424240112 -0.02653752826154232 0.31205061078071594 -0.0029714065603911877 -0.18269996345043182 -0.14716233313083649 0.019063372164964676 -0.064030744135379791 0.0045090285129845142 0.225359246134758 0.22757574915885925 0.12089742720127106 -0.26201781630516052 -0.17333941161632538 -0.39113286137580872
-0.2735360860824585 0.15987202525138855 0.10052154958248138 -0.19203618168830872 -0.7301628589630127 -0.22152696549892426 0.14118100702762604 -0.16004334390163422 0.027615964412689209 0.54692995548248291 0.046887557953596115 -0.2872869074344635 0.035184942185878754 -0.109366275370121 -0.091648370027542114 -0.31751060485839844 0.40764209628105164 0.26240456104278564 0.053727392107248306 0.19875897467136383 -0.055189367383718491 0.29642528295516968 -0.46691170334815979 -0.11020848155021667 0.076579742133617401 0.41013467311859131 -0.28880178928375244 0.37310609221458435 -0.041222978383302689 -0.14188186824321747 -0.052021447569131851 -0.017532054334878922
-0.48873573541641235 0.049499630928039551 0.040831752121448517 0.0016170801827684045 0.14668720960617065 -0.19455583393573761 0.16522778570652008 -0.096224799752235413 -0.030435264110565186 -0.14999206364154816 0.12829484045505524 0.056962564587593079 -0.16450715065002441 0.18223868310451508 0.044731594622135162 0.30573248863220215 -0.14269910752773285 0.185726597905159 0.51277762651443481 0.016329953446984291 -0.087102778255939484 0.27685204148292542 -0.04670034721493721 0.010046619921922684 0.067090541124343872 -0.12421202659606934 -0.049388833343982697 -0.37140265107154846 -0.03655516728758812 -0.50156062841415405 0.29108211398124695 0.2471974790096283
0.34230139851570129 0.14471028745174408 -0.12075994908809662 -0.077988915145397186 -0.045465294271707535 -0.20183669030666351 0.32292506098747253 -0.093111805617809296 -0.17623482644557953 0.51629620790481567 -0.33629170060157776 -0.34938293695449829 -0.17996162176132202 0.49413514137268066 -0.18722626566886902 -0.1202380433678627 0.36708348989486694 0.076572932302951813 0.025507058948278427 -0.227932408452034 0.049777805805206299 -0.16915415227413177 -0.27899524569511414 -0.010361142456531525 -0.46998035907745361 -0.0013485031668096781 0.24190801382064819 -0.044262610375881195 0.17471137642860413 -0.1778915673494339 0.48032405972480774 -0.62717950344085693
0.00064877449767664075 0.053656622767448425 0.43664506077766418 0.23220743238925934 0.18975910544395447 -0.1322266161441803 -0.27400761842727661 -0.030284848064184189 0.19399666786193848 0.081842981278896332 0.23087374866008759 -0.090097852051258087 0.16231422126293182 0.11993623524904251 0.36055174469947815 -0.15284956991672516 0.28378427028656006 -0.14258669316768646 -0.29924613237380981 0.062168661504983902 0.091749079525470734 -0.36832073330879211 -0.10734368860721588 -0.50367778539657593 -0.45489642024040222 -0.07526734471321106 0.52008551359176636 -0.039864175021648407 -0.27677470445632935 -0.17653138935565948 0.15835939347743988 -0.021776055917143822
-0.17536045610904694 0.12041395157575607 -0.30292940139770508 -0.1146351620554924 -0.036300443112850189 0.43101197481155396 0.147255539894104 0.21191509068012238 -0.54615992307662964 0.33405575156211853 0.023601353168487549 0.10299814492464066 -0.21291126310825348 -0.24820767343044281 -0.27983921766281128 -0.16041913628578186 0.039598777890205383 0.1594427227973938 -0.066390134394168854 0.0696001797914505 0.30052319169044495 0.090991519391536713 0.22211320698261261 -0.037354886531829834 -0.0083093391731381416 -0.13885627686977386 -0.34848383069038391 0.055088657885789871 -0.096343085169792175 0.029901508241891861 0.305898517370224 0.56079941987991333
-0.14868970215320587 -0.26492655277252197 0.14585493505001068 -0.058250091969966888 0.24692836403846741 -0.064991854131221771 -0.2609354555606842 0.350587397813797 -0.055777046829462051 -0.22606907784938812 0.12591804563999176 -0.045092634856700897 -0.02410714328289032 0.55953007936477661 0.35732546448707581 -0.20002330839633942 0.07017497718334198 0.11714024841785431 -0.023054739460349083 0.18141521513462067 -0.21964195370674133 -0.16124606132507324 0.07579706609249115 0.05749814584851265 -0.052272282540798187 0.1081274226307869 0.3047635555267334 -0.038225032389163971 0.13220959901809692 0.14571504294872284 -0.30794084072113037 -0.20797815918922424
0.20739087462425232 -0.21112160384654999 -0.23724669218063354 -0.22080215811729431 -0.2269141674041748 -0.15401241183280945 -0.047957789152860641 -0.14591364562511444 -0.18906548619270325 -0.01257861964404583 -0.17439521849155426 -0.32420304417610168 0.15990419685840607 0.43605953454971313 -0.10424790531396866 0.14156524837017059 0.08006613701581955 0.23849910497665405 -0.1306692361831665 0.23113580048084259 0.073710858821868896 0.23735333979129791 -0.19324098527431488 0.14018182456493378 0.15976293385028839 -0.21282772719860077 -0.35130292177200317 0.098574034869670868 -0.13329893350601196 -0.012255910784006119 0.010475876741111279 0.38070997595787048
-0.085141591727733612 0.13888461887836456 0.15413637459278107 0.48432013392448425 0.052106723189353943 -0.2151162177324295 -0.4247836172580719 -0.31965827941894531 -0.024449042975902557 0.21039502322673798 0.19483782351016998 -0.27071601152420044 0.14837376773357391 0.17486381530761719 0.23095113039016724 -0.31271299719810486 -0.056654021143913269 0.57329273223876953 0.11003081500530243 0.70883339643478394 0.058559153228998184 0.25269442796707153 -0.30489549040794373 -0.31632223725318909 0.10449491441249847 0.02904929593205452 -0.07802186906337738 0.01085444912314415 -0.16210226714611053 0.019985353574156761 -0.16832578182220459 0.0089024538174271584
0.035696335136890411 -0.089860923588275909 0.10272326320409775 0.15556316077709198 0.28557896614074707 -0.22280037403106689 -0.30500924587249756 0.019379289820790291 0.076738119125366211 -0.0020882724784314632 -0.015712244436144829 -0.14685554802417755 -0.30123889446258545 0.048331014811992645 -0.015934852883219719 -0.31176605820655823 0.12266872078180313 -0.17733518779277802 0.17788209021091461 -0.30410051345825195 -0.00791956577450037 0.41766569018363953 -0.06901627779006958 -0.29186534881591797 0.054467335343360901 -0.098255567252635956 -0.53827548027038574 0.11218790709972382 0.10734466463327408 -0.34812980890274048 -0.35233759880065918 -0.3547053337097168
b2
0.037918169051408768 0.019777819514274597 0.019570879638195038 0.019660240039229393 -0.022330835461616516 -0.0099114859476685524 0.024924257770180702 -0.034279324114322662 0.065297938883304596 0.014189179055392742 0.02975788339972496 9.1950751084368676e-05 -0.020463904365897179 -0.027170166373252869 -0.010019878856837749 -0.043636884540319443 0.033627323806285858 -0.023481246083974838 -0.024007124826312065 0.0055701318196952343 0 0.047857068479061127 -0.024613339453935623 0.081990212202072144 0.016371972858905792 0.019940776750445366 -0.020627647638320923 -0.037110369652509689 -0.024905305355787277 -0.010789677500724792 0.0257386714220047 -0.034240894019603729
W3
-0.39359363913536072 -0.26171746850013733 -0.51575350761413574 -0.19684971868991852 0.085138991475105286 0.34638181328773499 -0.16957877576351166 0.024091171100735664 0.14139226078987122 0.1447395533323288 0.13131915032863617 -0.39930897951126099 0.089050166308879852 0.030797660350799561 -0.3015960156917572 0.34556230902671814 -0.12216387689113617 0.16984926164150238 0.2777901291847229 -0.13268882036209106 0.30616664886474609 -0.24811971187591553 0.091408371925354004 0.64896243810653687 -0.30755844712257385 -0.34358599781990051 0.028240576386451721 0.39787256717681885 0.080776877701282501 0.31364020705223083 -0.31619647145271301 0.0049800397828221321
b3
-0.028166260570287704
