IN 2
H1 32
H2 32
OUT 1
NORMALIZATION sqrt
x_transform sqrt
x_transform sqrt
y_transform sqrt
x_floor 1.0000000000000001e-30
x_floor 9.9999999999999998e-13
y_floor 1.0000000000000001e-30
x_mean 2757.1271019886753
x_std 1590.0466063057524
x_mean 0.0057881442249236659
x_std 0.0040736750374692696
y_mean 167132.92596496036
y_std 211051.2910189594
W1
0.350818932056427 -0.98231840133666992
1.0038901567459106 1.1272258758544922
-0.20652291178703308 0.098372884094715118
-1.2222062349319458 -0.36289551854133606
-0.26914605498313904 0.074021771550178528
1.7107347249984741 -1.9880740642547607
0.18476091325283051 -0.89473176002502441
1.1859915256500244 -1.7238752841949463
1.1909056901931763 -0.32482734322547913
0.0051545561291277409 -0.57808327674865723
0.849345862865448 0.5395929217338562
2.7471814155578613 -0.24240326881408691
2.259523868560791 2.408668041229248
0.24451924860477448 -0.78985953330993652
0.35648110508918762 -0.10048425197601318
0.057510219514369965 -1.2949402332305908
-0.068263731896877289 0.40925523638725281
0.032393548637628555 0.35292303562164307
0.47917747497558594 0.83220958709716797
1.2192009687423706 -0.20480161905288696
-1.5786949396133423 0.58817505836486816
-1.3243447542190552 -1.9009325504302979
1.1638972759246826 -0.83753675222396851
-0.062136333435773849 0.9918287992477417
0.018730541691184044 -0.79631853103637695
0.54741907119750977 0.44525766372680664
1.2591986656188965 1.3436071872711182
-0.043524444103240967 0.37859982252120972
-0.71619975566864014 -1.7946895360946655
0.33707377314567566 1.4481534957885742
0.35191592574119568 1.3154445886611938
0.24003505706787109 -0.47959518432617188
b1
-0.25663629174232483 0.6016727089881897 0.11878616362810135 0.0061165709048509598 0.016015553846955299 0.52358061075210571 0.52052545547485352 -0.32240185141563416 0.3822835385799408 -0.78257238864898682 -0.39661946892738342 -0.43100303411483765 0.25781571865081787 -0.67481076717376709 -0.443656325340271 -1.2982072830200195 -0.013063670136034489 -0.016206851229071617 0.041494481265544891 0.39306715130805969 -0.068212248384952545 0.53120231628417969 -0.61462318897247314 0.058257997035980225 -1.0233569145202637 0.824165940284729 0.13471883535385132 0.048019338399171829 -0.74658173322677612 0.19053617119789124 0.23176583647727966 -0.55918866395950317
W2
0.1988387405872345 0.27638810873031616 0.65620648860931396 0.43027126789093018 -0.051243606954813004 0.33764207363128662 0.23909182846546173 -0.33101871609687805 -0.013064463622868061 -1.1528540849685669 -0.3760245144367218 0.044016893953084946 0.05997110903263092 -0.31786549091339111 0.21807661652565002 -0.67866218090057373 0.027758622542023659 -0.25413599610328674 -0.49075031280517578 0.49666637182235718 -0.034677512943744659 0.1114027202129364 0.22944909334182739 0.017385493963956833 -0.071437843143939972 0.42786878347396851 0.73997694253921509 -0.1589655876159668 -0.82703202962875366 -0.2666412889957428 -0.43920758366584778 -0.07096264511346817
0.084843255579471588 0.15003158152103424 -0.020836153998970985 -0.22757895290851593 -0.1874612420797348 0.11162121593952179 0.46301189064979553 -0.1632872074842453 0.19630482792854309 -1.1440190076828003 -0.30143791437149048 0.30576702952384949 0.1407431960105896 0.016138801351189613 0.19928969442844391 -0.52921050786972046 -0.095038607716560364 -0.017931004986166954 0.048623301088809967 0.21452818810939789 -0.27932986617088318 0.38095882534980774 -0.52098584175109863 -0.53523510694503784 -0.91284233331680298 0.47783738374710083 0.1142490953207016 0.024308782070875168 -0.14922696352005005 -0.086380563676357269 0.26253151893615723 -0.057386636734008789
-0.16719412803649902 -0.033511590212583542 0.47179517149925232 0.017467323690652847 0.091776750981807709 -0.37365147471427917 0.082960620522499084 0.38728699088096619 -0.051231212913990021 -0.44506007432937622 0.055475998669862747 -0.19663518667221069 0.049025844782590866 0.1826116144657135 0.30246454477310181 0.13019408285617828 -0.0049465112388134003 -0.16490434110164642 0.070205412805080414 0.10868512094020844 -0.1432979553937912 -0.1344609260559082 -0.0079669086262583733 -0.18851989507675171 -0.20156572759151459 0.29700878262519836 0.1382325142621994 0.33610847592353821 0.10968601703643799 -0.08465198427438736 -0.13135506212711334 -0.13014550507068634
0.30223283171653748 -0.46988677978515625 0.10858190059661865 -0.0014363493537530303 -0.28357622027397156 -0.0069636148400604725 -0.36460709571838379 0.11619695276021957 0.023453693836927414 -1.8531923294067383 -0.021501187235116959 0.31302753090858459 0.70111954212188721 -0.30735450983047485 -0.46716794371604919 -1.1090536117553711 0.62040841579437256 0.15558513998985291 0.24717763066291809 0.42367035150527954 -0.27486979961395264 0.15849010646343231 -0.19435030221939087 -0.04824545606970787 -2.3157205581665039 0.2698739767074585 -0.30437368154525757 0.12063554674386978 -0.27748402953147888 0.055413305759429932 -0.036373648792505264 -0.15903922915458679
0.40465658903121948 -0.36519613862037659 -0.48686215281486511 0.1026628166437149 -0.01082473061978817 -0.26013240218162537 0.20952028036117554 0.20724160969257355 -0.14632250368595123 1.3309265375137329 0.24130554497241974 0.77750766277313232 -0.20720365643501282 0.25740790367126465 0.036000818014144897 -0.15376266837120056 0.38990283012390137 0.026909066364169121 0.058586601167917252 -0.25452440977096558 -0.060927171260118484 0.1545538604259491 0.013264985755085945 0.12326212227344513 1.487591028213501 -0.096941418945789337 -0.22446666657924652 -0.16952840983867645 0.035712052136659622 -0.049189232289791107 0.25863292813301086 -0.12366573512554169
0.23885816335678101 0.030882839113473892 -0.2141287624835968 -0.48045077919960022 0.45150399208068848 -0.050161309540271759 -0.024446718394756317 0.51682794094085693 0.022907434031367302 1.2215093374252319 -0.14020077884197235 0.035669747740030289 0.30534127354621887 0.7298663854598999 0.37965923547744751 0.33415967226028442 -0.11409226804971695 0.0007581682875752449 -0.00052890065126121044 -0.15377640724182129 0.065663643181324005 0.11962094157934189 0.37070575356483459 -0.05406208336353302 1.0002982616424561 0.38835239410400391 0.31372073292732239 0.036190830171108246 0.13340269029140472 0.010023715905845165 -0.047612026333808899 0.60223716497421265
0.28659191727638245 0.1631522923707962 0.10595739632844925 0.17827227711677551 -0.15480732917785645 0.037515152245759964 0.41426569223403931 -0.23134703934192657 0.013438516296446323 -0.84603089094161987 -0.033909223973751068 -0.27293848991394043 0.36269742250442505 -0.26719287037849426 -0.18126270174980164 0.30589324235916138 0.23383904993534088 0.090402714908123016 0.1122252494096756 0.15500856935977936 -0.10081151872873306 -0.092269517481327057 -0.13339632749557495 0.27010759711265564 0.095226109027862549 -0.23523029685020447 -0.35523959994316101 -0.02907264232635498 0.32380008697509766 0.0024861725978553295 0.0089288195595145226 0.066729523241519928
0.48930677771568298 -0.40868130326271057 -0.1999417245388031 0.092081703245639801 -0.12543314695358276 -0.16386198997497559 -0.066288396716117859 0.66267943382263184 -0.54186606407165527 3.1149110794067383 0.40379828214645386 0.058513093739748001 -0.1081632673740387 -0.10129866003990173 0.95956879854202271 0.32620048522949219 0.25274947285652161 0.41954851150512695 -0.43418985605239868 0.26874351501464844 0.17805184423923492 -0.26423826813697815 0.011847839690744877 -0.09523385763168335 2.3353688716888428 -0.84278643131256104 -0.036104653030633926 -0.27481144666671753 0.44252663850784302 -0.17531795799732208 0.299549400806427 0.7180558443069458
0.29662644863128662 -0.23421789705753326 0.40628761053085327 0.03496842086315155 -0.52746164798736572 -0.32759198546409607 -0.0082637602463364601 0.16247588396072388 0.039776377379894257 1.5895378589630127 0.07273516058921814 0.16911886632442474 -0.13168349862098694 0.23994815349578857 0.40108409523963928 0.16054272651672363 -0.15529313683509827 0.2171282023191452 -0.19358627498149872 0.38178342580795288 -0.60315781831741333 -0.11235501617193222 0.14220255613327026 -0.11193394660949707 1.3031525611877441 -0.47223389148712158 -0.025167744606733322 -0.19248893857002258 0.21648341417312622 -0.56304734945297241 0.13195958733558655 0.42643389105796814
0.33050355315208435 -0.39780375361442566 0.15427206456661224 0.073515154421329498 -0.094400562345981598 -0.034745484590530396 -0.41111677885055542 0.32523611187934875 -0.18053676187992096 0.98003238439559937 0.15421572327613831 0.73177415132522583 -0.15417493879795074 0.52090799808502197 -0.31944873929023743 0.35325363278388977 -0.52136063575744629 -0.2891499400138855 0.34931483864784241 0.066373325884342194 0.04234541580080986 -0.17970435321331024 0.16357487440109253 -0.064708426594734192 0.41778445243835449 0.17199377715587616 0.016285931691527367 -0.30759015679359436 0.34090134501457214 0.0063294218853116035 -0.010943761095404625 0.47920587658882141
0.23196592926979065 -0.12556055188179016 1.637243390083313 -0.17982026934623718 -1.1667841672897339 0.20230914652347565 0.028897443786263466 -0.088305950164794922 0.37763938307762146 0.8459324836730957 -0.19432078301906586 0.15175049006938934 -0.16145129501819611 0.27951526641845703 -0.17254336178302765 -0.11911267042160034 -0.15256096422672272 -0.39945918321609497 -0.35425710678100586 0.40834978222846985 -0.88422530889511108 0.13993640244007111 -0.12286770343780518 0.076072290539741516 0.53360819816589355 -0.10031994432210922 -0.056947477161884308 0.4257342517375946 0.30260717868804932 -0.228639155626297 0.28756082057952881 0.33262893557548523
-0.36796742677688599 -0.34563431143760681 -0.2571265697479248 -0.069169968366622925 -0.17052078247070312 0.45221826434135437 0.11711341142654419 -0.042922165244817734 -0.049309220165014267 -2.5720505714416504 0.0085847154259681702 0.31275254487991333 -0.13380259275436401 -0.28516680002212524 -0.65546000003814697 -1.0461140871047974 0.040058385580778122 0.11359139531850815 -0.11711069941520691 0.27863162755966187 0.053813956677913666 0.20604489743709564 -0.71578222513198853 0.31155681610107422 -2.1334602832794189 0.38672319054603577 -0.1538814902305603 -0.29023393988609314 -0.37664586305618286 0.098611310124397278 0.2611832320690155 -0.91058331727981567
0.42433303594589233 -0.49722900986671448 0.92412638664245605 0.073475174605846405 -0.61640417575836182 -0.072539590299129486 -0.27569904923439026 0.0025297084357589483 -0.0093824174255132675 2.8979940414428711 0.5680198073387146 -0.12829618155956268 0.083007104694843292 1.1378607749938965 0.45271363854408264 1.4862822294235229 -0.039353556931018829 -0.044730238616466522 -0.025991244241595268 0.046363197267055511 -0.12964700162410736 -0.39171063899993896 0.45410868525505066 -0.19776073098182678 2.1166882514953613 -1.392186164855957 -0.25058457255363464 0.02595876157283783 0.6428946852684021 -0.22335606813430786 -0.37017524242401123 0.94210559129714966
-0.334776371717453 -0.16198110580444336 -0.5851483941078186 0.48181754350662231 -0.18495918810367584 0.41612520813941956 0.00042035974911414087 0.24395984411239624 0.051250744611024857 0.98015677928924561 0.38810408115386963 -0.023915007710456848 0.27563953399658203 0.30352330207824707 0.45962873101234436 0.40057858824729919 -0.03505348414182663 -0.01047219056636095 -0.16417789459228516 -0.0070346039719879627 0.0045851669274270535 0.13325920701026917 0.49662682414054871 -0.080588191747665405 0.30489379167556763 -0.24835072457790375 -0.042144235223531723 -0.25318709015846252 0.24381031095981598 -0.13884474337100983 -0.069720268249511719 0.04707755520939827
0.42944139242172241 0.084600664675235748 0.43041035532951355 -0.15299193561077118 0.15838247537612915 0.24995723366737366 -0.18339733779430389 -0.15520049631595612 0.35537981986999512 -0.85452520847320557 0.19450332224369049 0.1709812730550766 -0.042044144123792648 -0.43627989292144775 -0.19712388515472412 -0.094964616000652313 0.13117095828056335 -0.24747741222381592 -0.35684263706207275 -0.50095802545547485 -0.15088759362697601 0.52365463972091675 -0.033733364194631577 -0.12862260639667511 -0.48943811655044556 0.51095128059387207 0.01425571832805872 0.48354378342628479 -0.31346386671066284 -0.176926389336586 0.13867060840129852 -0.55813181400299072
-0.059209674596786499 0.29225310683250427 -0.038260214030742645 0.28049871325492859 0.48835304379463196 -0.45073199272155762 -0.30580812692642212 -0.2541486918926239 0.1098727360367775 -0.18047738075256348 -0.55105984210968018 0.35536962747573853 -0.23667487502098083 -0.0084677878767251968 0.038552079349756241 0.23481409251689911 0.046620633453130722 -0.32567581534385681 -0.13584220409393311 0.0073053990490734577 -0.19480884075164795 -0.15309412777423859 0.094349920749664307 -0.031207052990794182 0.19418655335903168 0.036709841340780258 0.15136969089508057 0.042679961770772934 0.061902601271867752 0.20062492787837982 -0.52536070346832275 0.49867016077041626
0.019335824996232986 0.093323402106761932 -0.071692496538162231 -0.24210064113140106 0.0094077633693814278 -0.2234184741973877 0.61050832271575928 0.042031973600387573 0.33777254819869995 -0.38229265809059143 0.21306972205638885 0.40024757385253906 -0.15916222333908081 0.1404588520526886 -0.38603374361991882 0.29204928874969482 0.10213340073823929 -0.20722942054271698 0.47482866048812866 0.68303364515304565 0.12104543298482895 -0.31346726417541504 0.13101197779178619 0.39020892977714539 -0.0908183753490448 0.30243822932243347 0.29320788383483887 0.12599697709083557 -0.34325167536735535 -0.030614711344242096 -0.086296983063220978 -0.34056288003921509
-0.29833874106407166 0.049630358815193176 -0.11155790090560913 0.32807871699333191 0.17067138850688934 0.11263641715049744 -0.17266771197319031 0.099492542445659637 -0.086972169578075409 2.3347337245941162 0.012367894873023033 0.32073286175727844 -0.42522856593132019 0.76688981056213379 0.72224712371826172 1.0186580419540405 -0.43027660250663757 -0.066051431000232697 0.11294309794902802 -0.36307501792907715 -0.54947835206985474 -0.36916249990463257 -0.04983813688158989 0.52978742122650146 0.97344720363616943 -0.791473388671875 0.20819011330604553 0.30642032623291016 0.60686683654785156 -0.12634453177452087 0.38243576884269714 0.44780415296554565
-0.15623709559440613 -0.3754923939704895 0.26744070649147034 -0.066455326974391937 0.21015577018260956 -0.044553473591804504 -0.054734062403440475 0.11613146960735321 0.056173473596572876 2.1040163040161133 0.65828406810760498 0.055446948856115341 -0.11695823073387146 0.41481184959411621 0.73846745491027832 0.51258295774459839 -0.038310520350933075 -0.050999853760004044 -0.27659425139427185 -0.052140440791845322 -0.17617528140544891 0.15318162739276886 0.27271544933319092 0.67439115047454834 0.72969520092010498 -1.1107331514358521 0.23680940270423889 -0.12071173638105392 0.0051419022493064404 -0.28916803002357483 -0.38491120934486389 0.14463548362255096
0.028690176084637642 -0.33599177002906799 -0.23474034667015076 0.042675398290157318 -0.1538642942905426 0.64612090587615967 -0.51367819309234619 -0.12285627424716949 0.41208407282829285 -0.62120664119720459 -0.25822806358337402 -0.19377239048480988 -0.68381208181381226 -0.41475677490234375 0.55856466293334961 -0.066998809576034546 0.31548380851745605 0.062624074518680573 -0.0067931986413896084 -0.2278704047203064 0.14801175892353058 -0.20713470876216888 0.10836543887853622 0.22212336957454681 -0.2892301082611084 0.32703542709350586 -0.044686488807201385 -0.23925083875656128 -0.11062417924404144 -0.25430643558502197 0.096572980284690857 0.46936434507369995
-0.14696812629699707 -0.12455204129219055 -0.0012800008989870548 -0.12421447038650513 -0.17364776134490967 -0.010571521706879139 -0.22601552307605743 -0.19816581904888153 0.11600691825151443 -0.30584558844566345 -0.63291507959365845 -0.64663344621658325 -0.21768297255039215 0.034297294914722443 0.0075219054706394672 -0.083741717040538788 0.014622029848396778 -0.1219724714756012 0.26046395301818848 -0.065392434597015381 -0.29554423689842224 -0.086581297218799591 0.067420661449432373 -0.30308407545089722 0.18591663241386414 -0.24709562957286835 -0.0069823642261326313 -0.0085707567632198334 -0.37538972496986389 -0.25905227661132812 -0.065011046826839447 0.4365374743938446
-0.092026419937610626 0.38480719923973083 0.41806373000144958 -0.27087992429733276 -0.012267469428479671 0.30867859721183777 -0.049569837749004364 -0.16925667226314545 0.24053758382797241 -2.7645204067230225 0.27412334084510803 -0.042274951934814453 -0.4059886634349823 -0.78615665435791016 -0.40475404262542725 -1.2921895980834961 -0.21453635394573212 -0.073774337768554688 0.006451908964663744 0.33245337009429932 0.097525008022785187 0.11271435767412186 -0.3621458113193512 0.16912035644054413 -2.4225504398345947 0.39101436734199524 0.16172531247138977 -0.10114992409944534 -0.0045551005750894547 -0.06865634024143219 -0.16371819376945496 -0.63817691802978516
-0.18351991474628448 0.083055958151817322 -0.007419114001095295 -0.3784947395324707 -0.26309877634048462 0.16683965921401978 -0.027804192155599594 0.5673256516456604 0.041269361972808838 1.229608416557312 -0.099240608513355255 0.49264758825302124 0.17552313208580017 0.33974179625511169 0.57081341743469238 0.71676629781723022 0.14005489647388458 -0.13829375803470612 -0.026243558153510094 0.30113509297370911 -0.11120046675205231 -0.24607208371162415 -0.079237528145313263 0.015681037679314613 0.60252362489700317 -0.17711523175239563 0.1861615926027298 0.21781554818153381 0.37335532903671265 -0.26633062958717346 -0.20732147991657257 -0.26324525475502014
-0.18854270875453949 0.25124111771583557 -0.31928184628486633 0.022335696965456009 -0.49853557348251343 0.084426850080490112 0.45267084240913391 -0.33944472670555115 0.45327842235565186 -0.17729154229164124 -0.038104075938463211 -0.040718462318181992 0.045590754598379135 -0.95183688402175903 -0.45575761795043945 -1.4505339860916138 0.24063314497470856 0.11971277743577957 -0.04768865555524826 0.57226407527923584 -0.099346332252025604 0.33025604486465454 -0.77123939990997314 -0.14698170125484467 -0.89886093139648438 0.89599120616912842 -0.17009399831295013 0.50833559036254883 -0.66209203004837036 -0.13243664801120758 -0.31755638122558594 -0.97395426034927368
-0.4123997688293457 0.11730342358350754 0.15338136255741119 0.03159588947892189 0.19346295297145844 -0.11633231490850449 0.29973441362380981 -0.073107600212097168 0.10253311693668365 -0.90100586414337158 -0.03510449081659317 0.056688167154788971 -0.17780306935310364 0.14711795747280121 0.11285044252872467 0.35380414128303528 -0.28160050511360168 0.29219087958335876 0.48910453915596008 0.13577502965927124 -0.054057970643043518 0.27224135398864746 -0.066225022077560425 0.016480747610330582 -0.09665554016828537 -0.097821824252605438 -0.088641844689846039 -0.38040396571159363 -0.076079800724983215 -0.3379284143447876 0.28118863701820374 0.21362341940402985
-0.14273928105831146 0.15822339057922363 -0.10471392422914505 -0.064085610210895538 -0.049762405455112457 0.10112503916025162 0.46871256828308105 -0.55668860673904419 0.068261303007602692 -0.15499307215213776 -0.45560687780380249 -0.10457375645637512 -0.15964497625827789 -1.0962364673614502 -0.12675938010215759 -0.44111055135726929 0.33905553817749023 0.038236122578382492 0.0079944804310798645 -0.31852668523788452 0.041161056607961655 -0.29067504405975342 0.70934766530990601 -0.040528193116188049 -2.7044486999511719 0.03960045799612999 0.26089146733283997 -0.073051497340202332 0.52151024341583252 -0.20884566009044647 0.45414999127388 0.15817762911319733
-0.15152604877948761 0.12263242900371552 0.51669991016387939 0.20457497239112854 0.21914589405059814 -0.13466192781925201 -0.22692877054214478 -0.0912584587931633 0.096638821065425873 0.036035720258951187 0.33422240614891052 -0.14565238356590271 0.16317644715309143 -1.6589299440383911 0.14695759117603302 -0.23047412931919098 0.31956270337104797 -0.13072469830513 -0.27006089687347412 0.031251475214958191 0.10987115651369095 -0.8054468035697937 -0.15612392127513885 -0.46835502982139587 -0.1542220264673233 0.10018987208604813 0.52399122714996338 -0.0024938366841524839 -0.33387869596481323 -0.14234839379787445 0.19762612879276276 -1.2949255704879761
-0.20125310122966766 0.066711090505123138 -0.31928059458732605 -0.119585782289505 -0.049430865794420242 0.40890860557556152 0.11132613569498062 0.19596680998802185 -0.57538080215454102 1.0954644680023193 -0.083739146590232849 0.062559604644775391 -0.21890412271022797 -0.16849029064178467 -0.30747693777084351 0.088505364954471588 0.074228428304195404 0.20212998986244202 0.015740755945444107 0.04155953973531723 0.30053496360778809 0.067337349057197571 0.20890432596206665 -0.010535693727433681 0.72356188297271729 -0.36217918992042542 -0.3622840940952301 0.074658162891864777 0.028805358335375786 0.055225886404514313 0.33883452415466309 0.60222119092941284
-0.26171019673347473 -0.24714663624763489 0.27362552285194397 -0.029523547738790512 0.12700167298316956 -0.14985150098800659 -0.73076260089874268 0.26435795426368713 -0.25198021531105042 -0.24297398328781128 0.10471130907535553 -0.15169055759906769 -0.018155498430132866 0.48361086845397949 0.3634914755821228 -0.30644989013671875 0.10362187772989273 0.13718563318252563 -0.009616275317966938 0.033905047923326492 -0.42938897013664246 -0.36291038990020752 0.0012861042050644755 0.088177122175693512 -0.25897148251533508 0.15961487591266632 0.3097902238368988 -0.0055003482848405838 -0.14006441831588745 0.16857695579528809 -0.28554078936576843 -0.27762344479560852
0.22955024242401123 -0.19969961047172546 -0.3161933422088623 -0.22480875253677368 -0.3214508593082428 -0.11556422710418701 -0.13817666471004486 -0.035353679209947586 -0.11429107189178467 1.1643012762069702 -0.079248547554016113 -0.03242889791727066 0.17101085186004639 0.64171397686004639 0.30749788880348206 0.38863614201545715 0.07039748877286911 0.22975932061672211 -0.0563790462911129 0.26684963703155518 0.04517393559217453 0.19133748114109039 0.14296409487724304 0.13090044260025024 0.40919530391693115 -0.46888622641563416 -0.32910731434822083 0.090029731392860413 -0.093021154403686523 -0.021226087585091591 0.0027124453336000443 0.95058268308639526
-0.41360855102539062 0.12311834841966629 0.078675702214241028 0.43244853615760803 -0.012365147471427917 -0.59946304559707642 -0.29546502232551575 -0.39929506182670593 0.030927233397960663 0.31705132126808167 0.080445870757102966 -0.3473401665687561 0.14596837759017944 0.18738341331481934 0.20031222701072693 -0.2758219838142395 -0.094980806112289429 0.54810690879821777 0.071002170443534851 0.77881807088851929 0.0048445803113281727 0.15148118138313293 0.14896543323993683 -0.35282272100448608 0.072925128042697906 -0.067221559584140778 -0.095029808580875397 -0.025638412684202194 -0.1954289972782135 -0.0041880006901919842 -0.19950436055660248 0.063406527042388916
0.094493910670280457 0.094823375344276428 0.14198103547096252 0.20656563341617584 0.27633568644523621 -0.26605096459388733 -0.36489307880401611 0.0092511912807822227 0.065418913960456848 0.0027893600054085255 -1.5817471742630005 -1.0070853233337402 -0.59400784969329834 0.362333744764328 -0.015934852883219719 -0.27150505781173706 0.41046497225761414 -0.075554117560386658 0.86607640981674194 -0.20075845718383789 -0.0069972965866327286 0.41506737470626831 0.087820366024971008 -0.086204871535301208 0.063718847930431366 1.3363738059997559 -0.73186057806015015 0.28083941340446472 0.18486063182353973 -0.16054365038871765 -0.062223568558692932 -0.48485225439071655
b2
0.24698755145072937 0.027381164953112602 0.46121534705162048 0.12617363035678864 -0.2919541597366333 -0.095812298357486725 0.058490950614213943 -0.59469705820083618 -0.36053481698036194 -0.15810060501098633 -0.16333214938640594 0.1122395247220993 -0.76904338598251343 -0.12236323952674866 0.25484970211982727 -0.036759600043296814 0.092644646763801575 -0.61446946859359741 -0.22147157788276672 0.084970623254776001 -0.0087025566026568413 0.21365530788898468 -0.22357527911663055 0.58904850482940674 0.13633143901824951 0.092432960867881775 0.060309499502182007 -0.14327213168144226 0.0054319552145898342 -0.10140330344438553 0.0015510835219174623 -0.0072806323878467083
W3
-0.40973418951034546 -0.32762256264686584 -1.1412961483001709 -0.40336138010025024 0.31584927439689636 0.50340414047241211 -0.18872235715389252 1.1684457063674927 0.42336544394493103 0.23458176851272583 0.1959538459777832 -0.57739818096160889 2.0667295455932617 0.15774402022361755 -0.38091444969177246 0.35016241669654846 -0.093350417912006378 1.6752197742462158 0.6288834810256958 -0.1010650172829628 0.30282020568847656 -0.93150806427001953 0.19535385072231293 1.5188601016998291 -0.36195704340934753 -0.25238439440727234 0.073704265058040619 0.49436631798744202 0.2497619092464447 0.53621679544448853 -0.27911147475242615 0.03493872657418251
b3
-0.075410246849060059
