IN 2
H1 32
H2 32
OUT 1
x_mean 0
x_std 9050000
x_mean 0
x_std 2.0800000000000001e-05
y_mean 0
y_std 209000000000
W1
0.22574356198310852 -5.092287540435791
1.0128285884857178 1.2906452417373657
-0.29931968450546265 0.10775993764400482
-1.2699164152145386 -0.37223371863365173
-0.19562883675098419 0.10525043308734894
1.6832958459854126 -5.9011650085449219
0.10323146730661392 -5.5397133827209473
1.2341122627258301 -3.0742158889770508
1.22215735912323 -0.34853494167327881
0.0033325653057545424 -5.1328296661376953
0.78187829256057739 0.54356557130813599
2.4948041439056396 -0.16336330771446228
2.1917569637298584 2.6465418338775635
0.20377331972122192 -3.4191865921020508
0.36212858557701111 0.1472640186548233
0.014519578777253628 -5.9300026893615723
0.060594893991947174 0.54549908638000488
0.021519256755709648 0.75849860906600952
0.44412317872047424 1.068884015083313
1.1300895214080811 -0.63687789440155029
-1.2062512636184692 0.57674556970596313
-1.3983210325241089 -1.9764143228530884
1.2273448705673218 -0.68781036138534546
0.00042771906009875238 1.1574844121932983
-0.15033300220966339 -0.70713227987289429
0.45246967673301697 0.40634080767631531
1.3301198482513428 1.1939829587936401
-0.0055908062495291233 0.54340428113937378
-0.93264502286911011 -1.5053189992904663
0.22439247369766235 3.6910834312438965
0.35042455792427063 1.6110233068466187
0.3509543240070343 -2.2422432899475098
b1
-0.23128701746463776 -0.070960149168968201 0.13424836099147797 0 0.022801075130701065 -0.7192949652671814 -0.13588428497314453 0.12547527253627777 -0.12107034027576447 0.012334501370787621 -0.14264966547489166 0.12621256709098816 0.047122202813625336 0.18548296391963959 0.035019364207983017 0.28708192706108093 -0.059994705021381378 0.3027767539024353 0.15451899170875549 -0.060594420880079269 -0.0016201570397242904 0 -0.093269042670726776 0.060491152107715607 0 -0.087222285568714142 -0.0076645477674901485 -0.0022355958353728056 0 -0.33664971590042114 0.18667931854724884 0.13537167012691498
W2
0.1434939056634903 0.12020643800497055 0.52801001071929932 0.39372619986534119 -0.077628389000892639 0.34969717264175415 -0.016609258949756622 -0.3263435959815979 -0.02950473316013813 -2.6875278949737549 -0.42335027456283569 0.039445541799068451 -0.068189337849617004 -0.43601220846176147 0.23973269760608673 -1.4229286909103394 0.086583003401756287 -0.37197551131248474 -0.55724745988845825 0.48870816826820374 -0.05111425369977951 0.11711602658033371 0.24873232841491699 -0.25528687238693237 0.39633360505104065 0.19409836828708649 0.64548599720001221 -0.51212680339813232 -0.57269710302352905 -0.1654893159866333 -0.47501558065414429 -0.11096704006195068
0.045144956558942795 0.1889171302318573 0.18026416003704071 -0.23249423503875732 -0.17199328541755676 0.15409117937088013 0.22081370651721954 -0.10935337841510773 0.21912810206413269 -2.3985886573791504 -0.28384682536125183 0.34657439589500427 0.13952994346618652 -0.0263260118663311 0.29497444629669189 -1.1245356798171997 -0.026572979986667633 -0.062146715819835663 0.083821684122085571 0.22292309999465942 -0.26898366212844849 0.41862231492996216 -0.48138779401779175 -0.46890658140182495 -0.20176292955875397 0.54610824584960938 0.10601503401994705 0.088651694357395172 -0.046399537473917007 -0.028565045446157455 0.31722208857536316 -0.054381787776947021
0.20113997161388397 -0.404645174741745 1.3531315326690674 0.029093176126480103 -0.37944558262825012 -0.14077530801296234 -0.0023136062081903219 0.07928100973367691 0.015099534764885902 -1.151418924331665 0.39594849944114685 0.06256624311208725 -0.24730768799781799 0.63404148817062378 0.27641844749450684 1.2386238574981689 -0.72880595922470093 -0.5110095739364624 -0.27438291907310486 0.28942269086837769 -0.062270969152450562 -0.18520648777484894 0.35960912704467773 -2.1961655616760254 0.16483324766159058 -0.18276034295558929 -0.1536375880241394 -3.0035104751586914 -0.2763390839099884 -1.3163654804229736 -0.47593560814857483 0.70239263772964478
0.11696669459342957 -0.53649580478668213 0.093161828815937042 -0.062151115387678146 -0.33971631526947021 -0.078139841556549072 -0.85487478971481323 0.078368328511714935 -0.052526816725730896 -2.2164428234100342 -0.017184820026159286 0.30019804835319519 0.63722056150436401 -0.39189010858535767 -0.41076090931892395 -1.5559704303741455 0.56089681386947632 0.040504571050405502 0.19215385615825653 0.33925729990005493 -0.33731043338775635 -0.4084189236164093 -0.21877378225326538 -0.11132361739873886 -0.39881753921508789 0.17332583665847778 -0.36930221319198608 0.055108733475208282 0.21963189542293549 -0.0037382419686764479 -0.1002766340970993 -0.14924630522727966
0.45317193865776062 -0.32592993974685669 0.09983498603105545 0.29337090253829956 -0.61055731773376465 -0.27652740478515625 0.55685186386108398 0.13803993165493011 -0.16462567448616028 2.8584566116333008 0.31403642892837524 0.75990927219390869 -0.1668969988822937 0.25632718205451965 -0.043954785913228989 0.40647780895233154 0.19318503141403198 0.59747254848480225 -0.11768236011266708 -0.26777920126914978 1.0892916917800903 0.22244377434253693 -0.056029479950666428 0.094226494431495667 0.48544126749038696 0.11577145010232925 -0.17538957297801971 0.045330390334129333 -0.056070644408464432 -0.56311708688735962 0.16178788244724274 -0.1693604439496994
0.27938401699066162 0.073572605848312378 -0.20998911559581757 -0.48703527450561523 0.45645865797996521 -0.10231585055589676 0.20067796111106873 0.45868691802024841 0.0016928426921367645 2.2819859981536865 -0.15014305710792542 -0.0063665132038295269 0.3507252037525177 0.74631804227828979 0.28205591440200806 0.83985167741775513 -0.1066320538520813 0.056422676891088486 0.02628755196928978 -0.16177056729793549 0.043976068496704102 0.10509732365608215 0.32607424259185791 -0.042046047747135162 0.30098661780357361 0.45635759830474854 0.36915621161460876 0.04699399322271347 0.011375085450708866 0.027113357558846474 -0.029171772301197052 0.58682990074157715
0.20554953813552856 0.17425443232059479 0.072383739054203033 0.13924956321716309 -0.18588635325431824 0.18697057664394379 -0.40350481867790222 -0.15440370142459869 0.10433079302310944 -3.2241723537445068 -0.032842949032783508 -0.16284516453742981 0.32704859972000122 -0.53881591558456421 0.071225307881832123 -1.150484561920166 0.23625156283378601 0.048282772302627563 0.050497487187385559 0.24918684363365173 -0.107169009745121 -0.23139536380767822 -0.011864321306347847 0.26087522506713867 0.11617965251207352 -0.18861791491508484 -0.37373310327529907 -0.038773767650127411 0.23492404818534851 -0.024541260674595833 -0.027581105008721352 -0.10290519893169403
1.4933146238327026 -0.46453139185905457 -2.4575200080871582 0.079325385391712189 3.0621809959411621 0.31174382567405701 2.1051664352416992 0.98377734422683716 -0.35999494791030884 5.9552464485168457 -0.10003609210252762 0.039833284914493561 -0.410042405128479 0.24750879406929016 0.28208652138710022 2.0579531192779541 -1.2117630243301392 -0.69480299949645996 -0.86165803670883179 0.4717409610748291 0.81590366363525391 -0.083397962152957916 -0.013736334629356861 -2.6292331218719482 0.12470752000808716 -0.31788268685340881 -0.19171887636184692 0.74401062726974487 0.05631529912352562 -1.8876416683197021 -0.34807661175727844 0.67296940088272095
0.37446701526641846 -0.23303201794624329 0.23917104303836823 -0.21280582249164581 -0.2831118106842041 -0.33865880966186523 0.39405837655067444 0.10793960839509964 0.053325720131397247 3.375514030456543 0.061409756541252136 0.13402414321899414 -0.10908760875463486 0.27371314167976379 0.22770805656909943 0.91716891527175903 -0.2823275625705719 0.2696320116519928 -0.24777649343013763 0.40238296985626221 -0.4875582754611969 -0.069175794720649719 0.072682157158851624 -0.051698308438062668 0.39577797055244446 -0.21785707771778107 0.01354998629540205 -0.094699054956436157 -0.009078172966837883 -0.11167597770690918 0.19196939468383789 0.35212686657905579
0.40595659613609314 -0.41798302531242371 -0.55516511201858521 0.10412712395191193 0.98965644836425781 -0.080843403935432434 -0.15881167352199554 0.2699492871761322 -0.22416543960571289 2.2218494415283203 0.19307085871696472 0.66518580913543701 -0.15734913945198059 0.55994147062301636 -0.43845349550247192 0.883747398853302 -0.30847033858299255 -0.1250753253698349 0.31142434477806091 0.046495158225297928 0.20162370800971985 -0.11142211407423019 0.11606789380311966 0.16233113408088684 -0.21380138397216797 0.25886493921279907 0.0087270503863692284 -0.04707113653421402 0.099728532135486603 0.060283955186605453 0.016203040257096291 0.44117268919944763
0.79535305500030518 -0.23208828270435333 -2.5514316558837891 -0.49650365114212036 -2.2980594635009766 0.33025631308555603 1.3521233797073364 0.028073474764823914 0.34938660264015198 5.2924666404724121 -0.27963611483573914 0.097931511700153351 -0.27786484360694885 0.60808795690536499 -0.306092768907547 1.4995017051696777 -1.1767352819442749 -0.47535660862922668 -0.64801484346389771 0.39363959431648254 -0.28200843930244446 -0.003212326904758811 -0.15916581451892853 -0.8916286826133728 0.058005586266517639 -0.13154274225234985 -0.14363306760787964 0.79759699106216431 0.05856429785490036 -1.4004414081573486 -0.092123329639434814 0.43202543258666992
-0.46030232310295105 -0.42372280359268188 -0.27206403017044067 -0.11141185462474823 -0.1967119425535202 0.28528052568435669 -0.1783001720905304 0.021759402006864548 -0.30293020606040955 -0.034894898533821106 -0.052225720137357712 0.27524924278259277 -0.21666413545608521 0.18886357545852661 -0.25523221492767334 -0.16526655852794647 0.04597153514623642 0.04504815861582756 -0.12481468915939331 0.057746242731809616 0.039169248193502426 -0.10443473607301712 -0.59015840291976929 0.29869884252548218 -0.26735562086105347 -0.099994026124477386 -0.28474676609039307 -0.2958950400352478 -0.081822216510772705 0.094196535646915436 0.22634004056453705 -0.4029352068901062
1.4053740501403809 -0.074349820613861084 -2.6225206851959229 0.35627844929695129 -0.55376929044723511 0.36325374245643616 1.8698207139968872 0.21179938316345215 0.20387233793735504 5.7378106117248535 -0.097649626433849335 -0.16188040375709534 -0.17589755356311798 1.2257850170135498 -0.32774323225021362 2.6369743347167969 -1.1558384895324707 -1.1249905824661255 -0.64052927494049072 0.28317719697952271 2.0045733451843262 -0.31459575891494751 0.36502504348754883 -2.2500600814819336 0.1571708619594574 -0.47252184152603149 -0.30226105451583862 1.2427424192428589 0.13669836521148682 -1.6034637689590454 -1.1089112758636475 0.67558413743972778
-0.31666654348373413 -0.11822108924388885 -0.51009297370910645 0.48833164572715759 -0.099682100117206573 0.37679329514503479 0.19101759791374207 0.17348186671733856 0.0090865902602672577 1.9387798309326172 0.43741863965988159 -0.065520375967025757 0.30485624074935913 0.29573854804039001 0.35560494661331177 0.86670917272567749 -0.049006201326847076 0.13690239191055298 -0.14599855244159698 -0.024793578311800957 0.017697956413030624 0.14223659038543701 0.4415256679058075 -0.090075656771659851 -0.54901999235153198 -0.16140216588973999 -0.010521175339818001 -0.25879532098770142 0.14652705192565918 -0.11330972611904144 -0.041275549679994583 0.013233036734163761
0.4289834201335907 -0.0093016345053911209 0.17791253328323364 -0.26573315262794495 -0.016028188169002533 0.30661115050315857 -0.39828452467918396 -0.12449768930673599 0.35972714424133301 -1.5315907001495361 0.17123949527740479 0.18275140225887299 -0.10384359955787659 -0.3429415225982666 -0.1723511666059494 -1.4461344480514526 0.099193863570690155 -0.54034125804901123 -0.36442780494689941 -0.48858839273452759 -0.3103586733341217 0.50849497318267822 0.0027019958943128586 -1.3455244302749634 0.20206701755523682 0.3287719190120697 -0.021298833191394806 -1.5731569528579712 -0.2222362756729126 -0.036580022424459457 0.091253034770488739 -0.47571095824241638
-0.029001234099268913 0.27788364887237549 0.00033255849848501384 0.31713047623634338 0.52267223596572876 -0.44028344750404358 -0.27426424622535706 -0.26113080978393555 0.098008014261722565 -0.15631383657455444 -0.57051610946655273 0.33513790369033813 -0.25506448745727539 0.013899113051593304 0.02462325245141983 0.26016977429389954 0.063357323408126831 -0.32176637649536133 -0.13468015193939209 -0.0091377794742584229 -0.158587247133255 -0.11694932729005814 0.074315845966339111 -0.017468694597482681 0.22800168395042419 0.025515612214803696 0.13477811217308044 0.055493764579296112 0.097764052450656891 0.21450833976268768 -0.51953303813934326 0.46812349557876587
-0.097122691571712494 0.068837523460388184 -0.096438691020011902 -0.29312548041343689 -0.03688952699303627 -0.2212626039981842 0.37131178379058838 0.039781399071216583 0.32323586940765381 -1.716707706451416 0.21991334855556488 0.43558487296104431 -0.17342947423458099 0.0080357808619737625 -0.30735799670219421 -0.4259515106678009 0.067836001515388489 -0.24740651249885559 0.47844889760017395 0.65785777568817139 0.085871808230876923 -0.29647555947303772 0.12975923717021942 0.35440307855606079 0.22227247059345245 0.29284203052520752 0.27950319647789001 0.08626527339220047 -0.32368010282516479 -0.053892884403467178 -0.10698946565389633 -0.36890476942062378
-0.31403127312660217 0.23813128471374512 -0.17307391762733459 0.28672164678573608 -0.012448909692466259 0.11220287531614304 0.12861217558383942 -0.014297744259238243 -0.0057696495205163956 2.6724898815155029 -0.17636114358901978 0.31587064266204834 -0.42389187216758728 0.53867805004119873 0.22842386364936829 1.2352198362350464 -0.44109606742858887 -0.073055736720561981 0.31422549486160278 -0.25096359848976135 -0.49450623989105225 -0.32521063089370728 -0.16311794519424438 0.52869701385498047 -0.30766603350639343 -0.13865947723388672 0.25019842386245728 0.31167590618133545 -0.13770520687103271 -0.13737404346466064 0.37476018071174622 0.12317295372486115
0.63316458463668823 -0.34149119257926941 -0.23532852530479431 0.059195451438426971 1.1781920194625854 0.16311056911945343 1.869573712348938 0.16815021634101868 0.14139901101589203 5.6315689086914062 0.34452983736991882 -0.028230311349034309 -0.20204216241836548 0.4631417989730835 -0.040966328233480453 2.2133092880249023 -1.0478169918060303 -0.73987942934036255 -0.30487176775932312 0.059603702276945114 -0.1153867095708847 0.26580756902694702 0.14407262206077576 1.0892573595046997 0.20322959125041962 -0.34889283776283264 0.25367271900177002 1.9119014739990234 0.019832374528050423 -1.6591693162918091 -0.75280797481536865 -0.12916536629199982
0.0086448751389980316 -0.3482118546962738 -1.0707188844680786 0.0008687253575772047 -2.6438791751861572 0.52269071340560913 -0.5171387791633606 0.14804811775684357 0.25921580195426941 3.0928971767425537 -0.52628004550933838 -0.10426800698041916 -0.75303715467453003 0.14624078571796417 0.48894912004470825 1.363244891166687 0.32153588533401489 0.23337206244468689 0.069841302931308746 -0.10716208815574646 -3.058725118637085 -0.12287520617246628 0.25867119431495667 -0.57341557741165161 0.11446778476238251 -0.035151716321706772 -0.071852840483188629 -3.9920060634613037 0.083827659487724304 -0.22909042239189148 -0.0077679445967078209 0.87539172172546387
-0.14696812629699707 -0.11840099096298218 0.0064327390864491463 -0.11626065522432327 -0.17364776134490967 -0.010571521706879139 -0.2256195992231369 -0.19816581904888153 0.11600691825151443 -0.30487638711929321 -0.63291507959365845 -0.64663344621658325 -0.21768297255039215 0.034297294914722443 0.0075219054706394672 -0.083741717040538788 0.022344714030623436 -0.1219724714756012 0.26812455058097839 -0.058516882359981537 -0.29554423689842224 -0.086581297218799591 0.067420661449432373 -0.30308407545089722 0.18591663241386414 -0.24709562957286835 -0.0069823642261326313 -0.0085707567632198334 -0.37538972496986389 -0.25905227661132812 -0.065011046826839447 0.4365374743938446
-0.1749749481678009 0.27469047904014587 0.48582947254180908 -0.30225133895874023 -0.0077151167206466198 0.15042005479335785 -0.36056312918663025 -0.073649831116199493 -0.014958443120121956 0.042075205594301224 0.2026078850030899 -0.08078128844499588 -0.48470303416252136 -0.25117978453636169 -0.049455549567937851 -0.29264825582504272 -0.13289558887481689 -0.070213489234447479 0.086077243089675903 0.11630136519670486 0.12515383958816528 -0.15934519469738007 -0.19791294634342194 0.2424234002828598 -0.36972108483314514 -0.062634073197841644 -0.01990150474011898 -0.036986056715250015 0.27045831084251404 0.0015770760364830494 -0.11299847066402435 -0.10220565646886826
-0.12728923559188843 0.10810375213623047 0.13292364776134491 -0.23978652060031891 -0.030642222613096237 0.12844797968864441 0.21936869621276855 0.50243216753005981 0.028633011505007744 2.3351564407348633 -0.10823213309049606 0.44144588708877563 0.21504612267017365 0.34518146514892578 0.45334947109222412 1.2704870700836182 0.14230675995349884 -0.07993345707654953 -0.013370140455663204 0.3137357234954834 0.0061671589501202106 -0.1811596155166626 -0.13840313255786896 0.041617132723331451 -0.070348523557186127 0.010115011595189571 0.23222444951534271 0.25227144360542297 0.12189668416976929 -0.24619469046592712 -0.15935133397579193 -0.30514553189277649
0.67874383926391602 -0.14539220929145813 -3.1054308414459229 -0.34681972861289978 -1.8209030628204346 0.38305854797363281 1.9148054122924805 0.48778527975082397 0.24982099235057831 5.6797070503234863 -0.19059836864471436 0.013341636396944523 -0.29101854562759399 0.75627446174621582 -0.17083112895488739 1.6671625375747681 -0.83497756719589233 -0.66133272647857666 -0.39367198944091797 0.44173559546470642 0.37627765536308289 0.15844780206680298 -0.19004696607589722 -1.916185736656189 -0.067607678472995758 0.16111773252487183 -0.55411058664321899 2.7246756553649902 -0.17683030664920807 -1.4940074682235718 -0.73017394542694092 0.47911900281906128
-0.6178286075592041 0.11080287396907806 -0.097056455910205841 -0.063934601843357086 1.0931782722473145 -0.29163023829460144 -0.83823126554489136 0.0024277293123304844 -0.069434471428394318 -5.0249524116516113 0.21236081421375275 0.10562051087617874 -0.11682830005884171 0.38584411144256592 -0.054485760629177094 0.030625039711594582 -0.08871382474899292 0.33814343810081482 0.46467927098274231 -0.00077457941370084882 0.36444294452667236 0.21693494915962219 0.0026484120171517134 -1.0271590948104858 0.018493909388780594 -0.17514298856258392 -0.041615236550569534 -1.4849408864974976 -0.095307797193527222 -0.036717530339956284 0.29132360219955444 0.2837384045124054
0.22117459774017334 0.11677797138690948 -0.18185512721538544 -0.11022274941205978 -0.090214304625988007 -0.24838718771934509 -0.20511282980442047 -0.40419027209281921 -0.077541157603263855 0.10305278748273849 -0.37803703546524048 -0.31116193532943726 -0.23341916501522064 0.10159672796726227 -0.22137464582920074 -0.41234922409057617 0.33431300520896912 0.019192833453416824 -0.028340520337224007 -0.12752752006053925 0.0041327965445816517 -0.26400217413902283 -0.051543682813644409 -0.064033769071102142 -0.65403288602828979 -0.025345565751194954 0.1965857595205307 -0.087914116680622101 0.19273026287555695 -0.21040041744709015 0.42422649264335632 0.11792583763599396
0.032007265836000443 0.056681957095861435 0.45977622270584106 0.25144007802009583 0.2072678804397583 -0.17394654452800751 -0.15261080861091614 -0.062608182430267334 0.14186668395996094 1.6661689281463623 0.23228949308395386 -0.094853669404983521 0.16638326644897461 0.22307738661766052 0.35686337947845459 0.54338324069976807 0.2925703227519989 -0.13109228014945984 -0.29224926233291626 0.031996991485357285 0.093543022871017456 -0.23388557136058807 -0.13862544298171997 -0.49006238579750061 -0.16647319495677948 -0.074016839265823364 0.52214771509170532 -0.025292094796895981 -0.2904052734375 -0.16829605400562286 0.16599106788635254 0.0317830890417099
0.19582091271877289 0.088343195617198944 -0.24618814885616302 -0.063347458839416504 0.0051721502095460892 0.50459146499633789 0.95547688007354736 0.28292068839073181 -0.59659725427627563 3.6798751354217529 -0.014199351891875267 0.031088553369045258 -0.24089705944061279 -0.00071028934326022863 -0.35127973556518555 1.0608435869216919 0.016337024047970772 0.14777371287345886 -0.088763713836669922 0.030078684911131859 0.33212584257125854 0.1403224915266037 0.19220304489135742 -0.035182803869247437 0.036244746297597885 -0.18513406813144684 -0.38285616040229797 0.063292235136032104 -0.047647465020418167 0.035531926900148392 0.28876766562461853 0.65118652582168579
-0.1634429544210434 -0.25752043724060059 0.17092250287532806 -0.016908923164010048 0.2644290030002594 -0.13820606470108032 -0.16040289402008057 0.29073905944824219 -0.12505151331424713 1.6488262414932251 0.13268455862998962 -0.05483023077249527 -0.01553551759570837 0.65593928098678589 0.35909381508827209 0.4697364866733551 0.08189045637845993 0.13227586448192596 -0.012142381630837917 0.12918858230113983 -0.22296248376369476 -0.31147211790084839 0.041529338806867599 0.074739217758178711 -0.27078720927238464 0.1155567467212677 0.31177538633346558 -0.019878469407558441 -0.14006441831588745 0.15711198747158051 -0.29706943035125732 -0.1562337726354599
0.19045072793960571 -0.22751240432262421 -0.3459094762802124 -0.19364972412586212 -0.25646618008613586 -0.53605479001998901 -0.068265326321125031 -0.4929700493812561 -0.17183239758014679 -3.857811450958252 -0.17377820611000061 0.13639931380748749 0.1536276787519455 0.75617778301239014 -0.098153829574584961 -0.79717773199081421 0.044096909463405609 0.26190915703773499 -0.13029825687408447 0.41643440723419189 0.076898090541362762 0.26260077953338623 0.33750689029693604 0.1339317113161087 0.18177491426467896 -0.22637066245079041 -0.35991454124450684 0.078185655176639557 -0.10762208700180054 -0.061150431632995605 0.0098493536934256554 0.55533993244171143
-3.0016813278198242 0.11419161409139633 0.093383997678756714 0.42905580997467041 -0.0010735661489889026 -0.728096604347229 -4.4475593566894531 0.12381710112094879 -0.08033471554517746 0.90317076444625854 0.17319545149803162 -0.2618023157119751 0.12608882784843445 1.4420173168182373 0.22557845711708069 2.4825608730316162 -0.089337579905986786 0.55829000473022461 0.088367469608783722 0.56642735004425049 0.029612001031637192 0.20080511271953583 -0.40412166714668274 -0.3415086567401886 0.059591278433799744 -0.0016187281580641866 -0.098965488374233246 -0.01619623601436615 -0.21296903491020203 -0.014757761731743813 -0.19087833166122437 0.5596892237663269
0.05376916378736496 -0.089860923588275909 0.14462599158287048 0.19513902068138123 0.32407498359680176 -0.19855679571628571 -0.28570351004600525 0.042581062763929367 0.10257952660322189 0.0076605495996773243 -0.015712244436144829 -0.14247620105743408 -0.30123889446258545 0.063569039106369019 -0.015934852883219719 -0.28823333978652954 0.20632734894752502 -0.17534121870994568 0.19694989919662476 -0.2756284773349762 0.031738538295030594 0.45611321926116943 -0.036158733069896698 -0.26721471548080444 0.090434730052947998 -0.11562900245189667 -0.53827548027038574 0.13424071669578552 0.14540974795818329 -0.33125346899032593 -0.32866817712783813 -0.33312144875526428
b2
-0.31357035040855408 -0.043852966278791428 0.21313990652561188 -0.045802310109138489 0.41578438878059387 0.021604645997285843 -0.15726114809513092 0.01334658544510603 0.39851859211921692 -0.017716839909553528 0.15228308737277985 -0.02885710634291172 -0.11558187752962112 0.011048480868339539 -0.43995454907417297 -0.035654701292514801 -0.0091913230717182159 0.01724306121468544 0.12961086630821228 0.34390044212341309 0 0 0.016375739127397537 0.1484312117099762 0.29608568549156189 -0.029258057475090027 0.010179703123867512 -0.039737354964017868 0.017005424946546555 0.22949919104576111 0.16362744569778442 0
W3
-0.43336477875709534 -0.3305496871471405 -2.4980294704437256 -0.25647333264350891 0.29865649342536926 0.37387484312057495 -0.18811275064945221 4.288670539855957 0.38055828213691711 0.17462041974067688 1.9118508100509644 -0.18329757452011108 3.7124984264373779 0.081809870898723602 -0.82481509447097778 0.31517371535301208 -0.11589492112398148 0.27778267860412598 3.6005210876464844 -1.3385670185089111 0.30616664886474609 -0.1093863770365715 0.10215529054403305 3.9290063381195068 -1.4595338106155396 -0.29978665709495544 0.034762263298034668 1.6389323472976685 0.0962391197681427 0.69395613670349121 -0.37678110599517822 0.053606346249580383
b3
0.023147491738200188
