IN 2
H1 32
H2 32
OUT 1
x_mean 8944959.7396684494
x_std 6340079.5542683173
x_mean 2.196881962919311e-05
x_std 4.7965722307698048e-05
y_mean 160601664055.24609
y_std 221904300919.04037
W1
0.1799587607383728 -1.6242474317550659
0.7198636531829834 1.401969313621521
-0.25902599096298218 0.18513999879360199
-1.3152048587799072 -0.50251084566116333
-0.34790000319480896 0.14949092268943787
1.6410294771194458 -1.8226308822631836
0.23651482164859772 -1.5711311101913452
1.1895425319671631 -1.9617948532104492
1.2465733289718628 -0.20155377686023712
0.0011625410988926888 -1.07159423828125
0.80641317367553711 0.85889476537704468
2.6832637786865234 -0.75001245737075806
2.1300170421600342 2.6382339000701904
0.017974477261304855 -1.3098193407058716
0.42828142642974854 0.21775403618812561
-0.0073448680341243744 -1.8876562118530273
0.040906205773353577 0.49415996670722961
0.0032827891409397125 0.65276408195495605
0.44334977865219116 1.0206810235977173
1.2621347904205322 -0.72448807954788208
-1.6816469430923462 0.59539425373077393
-1.6765774488449097 -1.6478050947189331
1.1997928619384766 -1.1800413131713867
0.012181340716779232 1.4358766078948975
0.00016718628467060626 -1.121502161026001
0.44931495189666748 0.57227969169616699
1.291084885597229 1.3528848886489868
0.08111368864774704 0.43165230751037598
-0.76710492372512817 -1.5834062099456787
0.2461777925491333 1.645472526550293
0.1904805600643158 1.6428897380828857
0.3499356210231781 -0.85397195816040039
b1
-0.69034898281097412 -0.81122058629989624 0.089697368443012238 0.17298674583435059 -0.063236415386199951 -0.1155267134308815 -0.38579437136650085 -0.4712999165058136 0.35750201344490051 -0.48853766918182373 0.51492637395858765 -0.34442821145057678 0.55640882253646851 -0.58316916227340698 0.28584301471710205 -0.583984375 0.25593650341033936 0.30587860941886902 0.60183662176132202 -0.65731239318847656 0.19841569662094116 0.095906883478164673 -0.42062339186668396 0.66766560077667236 -0.49062207341194153 0.2433047890663147 0.37039503455162048 -0.2658461332321167 -0.32303225994110107 0.76836115121841431 0.3372325599193573 -0.33727133274078369
W2
-0.087228879332542419 0.18107561767101288 0.76405835151672363 0.42187902331352234 0.25503021478652954 0.30280566215515137 0.038095202296972275 -0.35592842102050781 -0.0068135932087898254 -4.5186614990234375 -0.31850898265838623 0.059370711445808411 0.028835989534854889 -0.90021538734436035 0.31278660893440247 -0.90551400184631348 0.37112078070640564 -0.61702382564544678 -0.34797799587249756 0.4792712926864624 0.12624378502368927 0.1113155335187912 0.24101009964942932 -0.2698993980884552 -0.92689549922943115 0.24449306726455688 0.71286803483963013 -1.0027090311050415 -0.63079309463500977 -0.015890235081315041 -0.43585288524627686 -0.085850954055786133
-0.24585516750812531 0.19652926921844482 0.18591681122779846 -0.13677142560482025 -0.52824825048446655 0.073498614132404327 0.21755671501159668 -0.19134525954723358 0.19628696143627167 -4.861567497253418 -0.22715550661087036 0.31997033953666687 0.1560499519109726 -0.63092422485351562 0.34527042508125305 -0.82229423522949219 0.020927175879478455 -0.13861069083213806 0.17377226054668427 0.19647784531116486 -0.3517620861530304 0.43589955568313599 -0.5121232271194458 -0.50854206085205078 -1.4563659429550171 0.5624510645866394 0.10820938646793365 -0.016173940151929855 -0.128355473279953 0.0045128306373953819 0.20836582779884338 -0.077744409441947937
-0.98983269929885864 -0.49776643514633179 0.84241485595703125 0.20296728610992432 0.24160444736480713 -0.41127693653106689 -0.21406218409538269 -0.25506535172462463 0.027231344953179359 -6.4130582809448242 0.67538589239120483 0.061754196882247925 -0.038531817495822906 -1.3485993146896362 0.4773784875869751 0.054085597395896912 0.39926004409790039 -1.4187330007553101 0.21472488343715668 0.18139925599098206 -0.22879302501678467 -0.079403162002563477 0.16083872318267822 -1.1177809238433838 -1.4727432727813721 -0.26367619633674622 -0.046546649187803268 1.9934139251708984 -0.43455338478088379 0.30747523903846741 -0.035169798880815506 0.28926107287406921
-0.035123132169246674 -0.48236602544784546 0.031897466629743576 -0.2411387711763382 -0.39023435115814209 -0.11175201833248138 -0.68888455629348755 0.051635943353176117 -0.029566114768385887 -5.1350150108337402 0.079201966524124146 0.31016114354133606 0.72082561254501343 -0.90352803468704224 -0.31908917427062988 -1.1856546401977539 0.60024815797805786 0.014871523715555668 0.27397328615188599 0.34717985987663269 -0.455889493227005 -0.21521635353565216 -0.20466181635856628 -0.11866761744022369 -3.254817008972168 0.26399749517440796 -0.2805805504322052 0.072727277874946594 -3.9795913696289062 0.041885443031787872 -0.075135037302970886 -0.12068237364292145
1.2490841150283813 -0.21596790850162506 -0.65246427059173584 0.38593772053718567 0.11888273060321808 -0.16933251917362213 0.71646726131439209 0.32992830872535706 -0.20085160434246063 7.6875476837158203 -0.0012257567141205072 0.71809375286102295 -0.33027759194374084 1.6675657033920288 -0.25588527321815491 0.44128137826919556 -0.82171171903610229 -2.4540157318115234 -0.53066545724868774 -0.18294717371463776 -0.33130297064781189 0.14097234606742859 0.014624310657382011 -3.21697998046875 2.7075693607330322 -0.043254934251308441 -0.32240816950798035 0.6246071457862854 -0.030467759817838669 -1.2724838256835938 -0.10060609877109528 -0.026524687185883522
0.54189902544021606 0.04644201323390007 -0.23354221880435944 -0.45353621244430542 0.42261651158332825 -0.02674652636051178 0.20303365588188171 0.53892773389816284 0.021924054250121117 4.6344938278198242 -0.22471961379051208 0.018554087728261948 0.29329186677932739 1.3208599090576172 0.22781485319137573 0.57790464162826538 -0.14768439531326294 0.043912403285503387 -0.036740679293870926 -0.13742175698280334 0.060204654932022095 0.17998778820037842 0.35705459117889404 -0.066294208168983459 1.8694844245910645 0.3957240879535675 0.31651261448860168 0.052756264805793762 0.089936815202236176 -0.014039343222975731 -0.06145087257027626 0.61457622051239014
0.013690733350813389 0.20063123106956482 0.10126582533121109 0.20048324763774872 -0.14564236998558044 0.036260534077882767 0.16834057867527008 -0.19661952555179596 0.078732676804065704 -4.7032265663146973 0.024242961779236794 -0.14649119973182678 0.39077052474021912 -0.92589342594146729 0.19649787247180939 -0.1220976933836937 0.26945748925209045 0.067510612308979034 0.10062328726053238 0.23351792991161346 -0.1170298233628273 -0.18544650077819824 -0.0054247756488621235 0.28065848350524902 -0.89138638973236084 -0.1115913912653923 -0.31389200687408447 -0.038482539355754852 0.2099839448928833 -0.0036055757664144039 -0.0082509871572256088 -0.013964963145554066
1.6577311754226685 -0.088057152926921844 -0.20917129516601562 0.25588089227676392 -0.76490914821624756 0.060854438692331314 0.71408617496490479 0.86180377006530762 -0.49896463751792908 7.9168205261230469 -0.28131332993507385 0.049538817256689072 -0.34552231431007385 1.3762686252593994 0.11726512014865875 0.76542949676513672 -0.6728585958480835 -2.4707233905792236 -0.93687170743942261 0.50719958543777466 -0.019963240250945091 -0.064132407307624817 0.043494272977113724 -2.8583192825317383 2.8692615032196045 -0.30078774690628052 -0.17254595458507538 -0.082126326858997345 0.33336642384529114 -0.90709459781646729 0.0066047129221260548 0.63471353054046631
0.65698504447937012 -0.18633817136287689 0.078168578445911407 0.12032850831747055 -1.0103014707565308 -0.23821678757667542 0.22877834737300873 0.2118067592382431 0.10287681221961975 5.7225642204284668 0.018836101517081261 0.1776408851146698 -0.091070614755153656 1.0043977499008179 0.23008270561695099 0.41617113351821899 -0.48264411091804504 0.71140313148498535 -0.36243584752082825 0.46160206198692322 -0.40470349788665771 0.12747760117053986 0.13988734781742096 0.35655596852302551 2.3219032287597656 -0.14961117506027222 0.062065340578556061 0.50097846984863281 0.33151650428771973 -0.17622856795787811 0.15041995048522949 0.40028929710388184
0.67232084274291992 -0.41535297036170959 0.21594317257404327 0.056779179722070694 -0.13667181134223938 0.015282354317605495 -0.2201668918132782 0.36673671007156372 -0.19073666632175446 4.8398957252502441 0.14920948445796967 0.70304399728775024 -0.20561355352401733 1.2128744125366211 -0.43830776214599609 0.54857444763183594 -0.2947552502155304 0.22439920902252197 0.28274902701377869 0.075448736548423767 -0.0044875959865748882 -0.20268934965133667 0.156094029545784 0.34474760293960571 1.8548238277435303 0.24445828795433044 -0.01907479390501976 0.025722088292241096 0.13953927159309387 0.078643903136253357 0.030896184965968132 0.47762101888656616
1.034847617149353 0.0085646379739046097 -0.80693203210830688 -0.023839401081204414 -0.57780063152313232 0.27065250277519226 0.38068148493766785 0.054740447551012039 0.31920832395553589 7.5884432792663574 -0.44903576374053955 0.13077881932258606 -0.28292778134346008 1.6913154125213623 -0.43577700853347778 0.43875598907470703 -1.4368212223052979 -2.7882921695709229 -0.86694496870040894 0.50850385427474976 0.048086158931255341 0.056905977427959442 -0.057060044258832932 -2.6531248092651367 2.5345075130462646 -0.18519870936870575 -0.16360825300216675 0.26904085278511047 0.37356352806091309 -1.4114788770675659 -0.17820543050765991 0.5044437050819397
-1.2639263868331909 -0.37235298752784729 -0.23954001069068909 -0.097575776278972626 -0.18267461657524109 0.35318928956985474 -0.27520149946212769 -0.013854042626917362 -0.14059728384017944 -6.663205623626709 0.10086370259523392 0.41360917687416077 -0.085130512714385986 -1.1679353713989258 -0.030087374150753021 -0.36937743425369263 0.11481120437383652 -0.020303467288613319 -0.015860866755247116 0.12543028593063354 0.020470933988690376 0.10358211398124695 -0.5689842700958252 0.26713821291923523 -1.9976458549499512 -0.0039835837669670582 -0.16473263502120972 -0.31622013449668884 -0.17377449572086334 0.17285990715026855 0.27430757880210876 -0.43032580614089966
1.5250388383865356 0.30176138877868652 -0.088588990271091461 0.31901299953460693 -1.2495062351226807 0.14897562563419342 0.50101232528686523 0.16467690467834473 0.11767130345106125 7.8093018531799316 -0.21211965382099152 -0.11041690409183502 -0.10577022284269333 2.479295015335083 -0.43991824984550476 1.5104924440383911 -1.3661850690841675 -5.0482902526855469 -0.82224869728088379 0.34383916854858398 0.13574977219104767 -0.2832794189453125 0.46982944011688232 -5.2079448699951172 2.7188472747802734 -0.43646121025085449 -0.2364376038312912 0.27754363417625427 0.34549856185913086 -1.4789830446243286 -1.1386727094650269 0.71356749534606934
0.004312063567340374 -0.16037261486053467 -0.61642181873321533 0.50759530067443848 -0.07583259791135788 0.45873430371284485 0.24622350931167603 0.26313379406929016 0.034842140972614288 4.9875650405883789 0.36019405722618103 -0.03708697110414505 0.27255916595458984 0.99189192056655884 0.31373146176338196 0.6563228964805603 -0.13825120031833649 0.07120870053768158 -0.23580805957317352 0.0033196972217410803 -0.021099148318171501 0.19715270400047302 0.47815552353858948 -0.17818735539913177 0.66209614276885986 -0.21690791845321655 -0.038288280367851257 -0.25642386078834534 0.24553696811199188 -0.18703392148017883 -0.047143813222646713 0.053101290017366409
0.092397607862949371 0.14892657101154327 0.31788668036460876 -0.25005951523780823 -0.092846781015396118 0.21505998075008392 -0.43421170115470886 -0.18627737462520599 0.35057085752487183 -4.9559459686279297 0.26320305466651917 0.19435486197471619 -0.00044930289732292295 -1.1214941740036011 -0.12916810810565948 -0.39666211605072021 0.33158758282661438 -1.0767858028411865 -0.1863429844379425 -0.50102949142456055 -0.17633317410945892 0.50602459907531738 -0.016991017386317253 -1.2249519824981689 -1.0024830102920532 0.37441578507423401 0.043459165841341019 0.22921888530254364 -0.21780781447887421 -0.0068505015224218369 0.25674355030059814 -0.58727830648422241
1.1510140895843506 0.3591829240322113 -0.48468425869941711 0.37110605835914612 0.55822372436523438 -0.18950088322162628 0.34962838888168335 0.068337321281433105 0.10591711848974228 7.5654382705688477 -0.74520003795623779 0.36132955551147461 -0.33659443259239197 2.0020072460174561 -0.077629804611206055 1.2966318130493164 -1.135762095451355 -5.2605276107788086 -0.60338342189788818 0.12812535464763641 -0.26184087991714478 -0.172148197889328 0.23949618637561798 -4.3621001243591309 2.533057689666748 -0.095737360417842865 0.047531891614198685 0.12338974326848984 0.15866386890411377 -0.81866639852523804 -1.2557532787322998 0.84639465808868408
-0.24316105246543884 0.080444775521755219 -0.12676340341567993 -0.29846769571304321 0.0052469051443040371 -0.26544263958930969 0.49663510918617249 -0.0041865683160722256 0.31637689471244812 -3.0411205291748047 0.27801784873008728 0.40878793597221375 -0.13193893432617188 -0.39511168003082275 -0.2716849148273468 0.099895574152469635 0.084758184850215912 -0.2600017786026001 0.51485449075698853 0.63206511735916138 0.029810138046741486 -0.050942458212375641 0.10983806848526001 0.35498225688934326 -1.083640456199646 0.32907560467720032 0.31539532542228699 0.087357871234416962 -0.27677047252655029 -0.033763278275728226 -0.093989506363868713 -0.37424668669700623
0.020715951919555664 0.14368915557861328 -0.42860960960388184 0.35189545154571533 -0.033742658793926239 0.19419322907924652 0.0601506307721138 0.082205787301063538 0.032322585582733154 5.8269729614257812 -0.25571972131729126 0.35835891962051392 -0.45024028420448303 1.3082742691040039 0.21102733910083771 0.86712336540222168 -0.47882565855979919 0.039501246064901352 0.25502577424049377 -0.21925544738769531 -0.54847550392150879 -0.31863307952880859 -0.11872734874486923 0.57536190748214722 1.6589691638946533 -0.1577489823102951 0.23471106588840485 0.060938034206628799 -0.014803124591708183 -0.18272027373313904 0.37622454762458801 0.17912915349006653
-0.711567223072052 -0.15518215298652649 0.34600812196731567 0.051216676831245422 0.27474308013916016 -0.14321449398994446 -0.085473567247390747 -0.25564703345298767 0.13443578779697418 0.66681796312332153 0.77094829082489014 -0.060129828751087189 0.029251547530293465 -0.42132878303527832 0.16486416757106781 0.051800418645143509 -0.045492447912693024 0.13412393629550934 0.080708548426628113 -0.17164444923400879 -0.15570463240146637 0.26004412770271301 -0.17686961591243744 0.80161756277084351 0.16855868697166443 -0.094941161572933197 0.52812063694000244 -0.25106877088546753 0.038466494530439377 -0.19662782549858093 -0.20452481508255005 -0.71612292528152466
-0.49427893757820129 0.34974744915962219 -0.18289409577846527 0.025377769023180008 0.13832312822341919 0.62386888265609741 -0.72389984130859375 -0.19303305447101593 0.43735149502754211 -5.860630989074707 -0.39424926042556763 -0.15195491909980774 -0.52827954292297363 -1.3888612985610962 0.549549400806427 -0.045079685747623444 0.43920052051544189 -0.8280867338180542 0.27725523710250854 -0.28004160523414612 0.26477205753326416 -0.1330859363079071 0.078507140278816223 -0.21856433153152466 -1.0361783504486084 0.39219188690185547 0.050363130867481232 -0.30285683274269104 0.017109660431742668 0.07027135044336319 -0.70495480298995972 0.39772072434425354
-0.14696812629699707 -0.11840099096298218 0.0064327390864491463 -0.11626065522432327 -0.17364776134490967 -0.010571521706879139 -0.2256195992231369 -0.19816581904888153 0.11600691825151443 -0.30487638711929321 -0.63291507959365845 -0.64663344621658325 -0.21768297255039215 0.034297294914722443 0.0075219054706394672 -0.083741717040538788 0.022344714030623436 -0.1219724714756012 0.26812455058097839 -0.058516882359981537 -0.29554423689842224 -0.086581297218799591 0.067420661449432373 -0.30308407545089722 0.18591663241386414 -0.24709562957286835 -0.0069823642261326313 -0.0085707567632198334 -0.37538972496986389 -0.25905227661132812 -0.065011046826839447 0.4365374743938446
-1.0036178827285767 0.30671945214271545 0.54214692115783691 -0.20275750756263733 0.11322373896837234 0.23428955674171448 -0.6437416672706604 -0.10123991966247559 0.111702561378479 -6.5447244644165039 0.40367752313613892 0.020641697570681572 -0.35370776057243347 -1.5719581842422485 0.10502388328313828 -0.73221093416213989 0.024731701239943504 -0.36433812975883484 0.23876510560512543 0.16390912234783173 0.12635225057601929 -0.020436422899365425 -0.18587771058082581 0.010276029817759991 -2.3216345310211182 -0.044448863714933395 0.083668529987335205 -0.16123589873313904 0.14397601783275604 0.15166573226451874 -0.023837774991989136 -0.11028771847486496
0.17819094657897949 0.025493647903203964 0.040427610278129578 -0.10821425914764404 -0.059144169092178345 0.20650959014892578 0.17618247866630554 0.59438347816467285 0.054262775927782059 5.120112419128418 -0.18590664863586426 0.47041738033294678 0.16560555994510651 1.004603385925293 0.412925124168396 0.92786914110183716 0.083948150277137756 -0.10265430063009262 -0.084416583180427551 0.34356331825256348 -0.091238841414451599 -0.15949273109436035 -0.098723486065864563 -0.0070924106985330582 1.6202558279037476 -0.04272136464715004 0.19173559546470642 0.16867713630199432 0.14737927913665771 -0.30802229046821594 -0.21239514648914337 -0.26133045554161072
-2.17948317527771 -0.079161234200000763 0.078942634165287018 -0.14988543093204498 -0.93531322479248047 0.072318337857723236 -0.39619579911231995 -0.12037608772516251 0.32307007908821106 -3.4540469646453857 0.34135749936103821 0.070005565881729126 -0.053174614906311035 -2.115626335144043 0.1508060097694397 -0.97741419076919556 -0.09006015956401825 0.45543396472930908 0.1232399195432663 0.28312772512435913 -0.11175762116909027 0.20136559009552002 -0.41120240092277527 -0.36215639114379883 -0.97464030981063843 0.53376156091690063 -0.15233176946640015 1.0775295495986938 -0.39391684532165527 -0.51425176858901978 -0.2441839724779129 -0.28344231843948364
-0.94468528032302856 0.19979196786880493 0.0056215561926364899 -0.093384295701980591 0.13573773205280304 -0.22818884253501892 -0.034016501158475876 -0.16247749328613281 0.01736040785908699 -5.8042759895324707 0.32081618905067444 0.11781281232833862 0.027833225205540657 -0.82492542266845703 0.11843159794807434 -0.16051143407821655 0.015365508385002613 -0.35547158122062683 0.66718453168869019 -0.0034869834780693054 -0.17457327246665955 0.20794306695461273 -0.068342998623847961 -0.45922389626502991 -1.3378161191940308 -0.064955458045005798 0.11858126521110535 -0.70106440782546997 -0.07368072122335434 -0.22088627517223358 0.49443918466567993 0.15759105980396271
-0.11583302915096283 0.11884576082229614 -0.14334648847579956 -0.00577949034050107 -0.035042006522417068 -2.0306577682495117 -0.96663826704025269 -3.5226893424987793 -0.065684698522090912 -1.7139512300491333 -0.3206133246421814 -0.80129462480545044 -0.10931280255317688 -2.3225367069244385 -0.1123993769288063 -0.25902441143989563 0.36766296625137329 0.070732429623603821 0.018522802740335464 -0.44282713532447815 0.024276416748762131 0.25615516304969788 0.080922678112983704 -0.016446974128484726 -0.40295028686523438 0.048040207475423813 0.33624845743179321 -0.043609634041786194 0.58171755075454712 -0.1832919716835022 0.48732092976570129 -0.14788837730884552
-0.79893285036087036 0.15315194427967072 0.44796457886695862 0.018108898773789406 0.27014338970184326 -0.20331534743309021 -1.4664196968078613 -0.3644644021987915 0.10970277339220047 -0.0013665560400113463 0.19578905403614044 -0.0027603076305240393 0.18279917538166046 -0.065786279737949371 0.25430479645729065 -0.19646213948726654 0.28115296363830566 -0.14371269941329956 -0.31812331080436707 -0.030825313180685043 0.15769000351428986 -0.26577776670455933 -0.21112616360187531 -0.50332772731781006 -0.13571839034557343 -0.087745882570743561 0.52831482887268066 0.028713162988424301 -0.32180967926979065 -0.17549797892570496 0.18881227076053619 0.25791436433792114
0.35040685534477234 0.083691790699958801 -0.20292842388153076 -0.081437945365905762 -0.04346761479973793 0.44822207093238831 0.39308083057403564 0.29649415612220764 -0.63722014427185059 5.325408935546875 -0.09368327260017395 0.061033986508846283 -0.22977820038795471 0.69465154409408569 -0.44276291131973267 0.33595684170722961 -0.024575566872954369 0.16155131161212921 -0.1456792950630188 0.12304627895355225 0.32995909452438354 0.070245429873466492 0.25653722882270813 -0.054561153054237366 1.2212306261062622 -0.24249441921710968 -0.39360344409942627 -0.044315773993730545 -0.020315799862146378 0.012157086282968521 0.29875445365905762 0.696022629737854
-1.7320146560668945 -0.17542773485183716 0.23443000018596649 -0.068057194352149963 0.19558683037757874 -0.12565571069717407 -0.98369407653808594 0.028197078034281731 -0.0017229490913450718 -0.3991469144821167 0.35156837105751038 0.00050139101222157478 -0.022104309871792793 -1.4519014358520508 0.65442711114883423 -1.2541877031326294 0.19447830319404602 0.30652981996536255 0.14841882884502411 -0.02190198190510273 -0.17907476425170898 0.24479840695858002 -0.17267157137393951 0.2426532655954361 -2.1580159664154053 0.23559145629405975 0.35739314556121826 0.045904852449893951 -0.42473870515823364 0.27105087041854858 -0.19894973933696747 -0.58159935474395752
0.18143895268440247 -0.20439554750919342 -0.25303322076797485 -0.19941608607769012 -0.27108407020568848 -0.21128663420677185 0.13618649542331696 0.14058384299278259 -1.0289744138717651 0.29185423254966736 0.17356522381305695 -0.31839761137962341 0.01340883132070303 0.70057964324951172 0.037115141749382019 0.32581982016563416 -0.0057974695228040218 0.17095056176185608 -0.18453231453895569 0.27433294057846069 0.06382036954164505 0.2728346586227417 -0.1665118932723999 0.077354714274406433 0.51319980621337891 -0.018176354467868805 -0.58506149053573608 0.048238892108201981 -0.015258818864822388 0.041245907545089722 0.037362534552812576 0.3963615894317627
-0.16153974831104279 0.079768404364585876 0.10383549332618713 0.50232356786727905 0.049527708441019058 -0.85625827312469482 -0.49868452548980713 -0.46911051869392395 -0.15069739520549774 -0.31148809194564819 0.16158416867256165 -0.46906262636184692 0.19164282083511353 -0.13707946240901947 0.12211944907903671 -0.24750594794750214 -0.076773941516876221 0.54508990049362183 0.07711753249168396 0.57763528823852539 0.0169378612190485 0.25070649385452271 -0.29682224988937378 -0.34242820739746094 0.21632653474807739 0.012496095150709152 -0.023783866316080093 0.017388936132192612 -0.24556413292884827 -0.0023627020418643951 -0.18485382199287415 0.027202902361750603
-0.37701147794723511 0.115709088742733 -0.11580033600330353 0.13582964241504669 0.029445325955748558 -0.32903313636779785 -0.48268365859985352 -0.19756181538105011 0.072876356542110443 0.83758062124252319 0.99178147315979004 0.03461591899394989 0.089776948094367981 -0.13012681901454926 0.85146105289459229 -0.46743908524513245 -0.076311379671096802 0.0734562948346138 0.53251743316650391 -0.25812295079231262 -0.12947328388690948 0.4495636522769928 -0.20356950163841248 -0.25899630784988403 0.30022749304771423 0.075247496366500854 0.030005272477865219 0.30036342144012451 0.17447951436042786 -0.51154977083206177 -0.30355694890022278 -0.57636439800262451
b2
0.20908482372760773 0.18961317837238312 0.56181782484054565 0.11434728652238846 -0.49749326705932617 -0.099390886723995209 0.078777141869068146 -0.74406623840332031 -0.084297530353069305 -0.11060529202222824 -0.46128553152084351 0.26485228538513184 -0.68237847089767456 -0.12575428187847137 0.080398887395858765 -0.38084739446640015 0.12909650802612305 -0.23856408894062042 0.13494402170181274 0.18833868205547333 0 0.39380764961242676 -0.18082413077354431 0.41643241047859192 0.14769032597541809 -0.069540031254291534 -0.28594991564750671 -0.21249517798423767 0.65781289339065552 -0.0039044879376888275 -0.071500353515148163 -0.010323565453290939
W3
-0.43009665608406067 -0.43576627969741821 -2.4971063137054443 -0.51176846027374268 3.5453269481658936 0.47256353497505188 -0.26608526706695557 6.2856836318969727 0.53732001781463623 0.30005753040313721 4.5552477836608887 -1.1286487579345703 6.3417987823486328 0.18720455467700958 -0.64262831211090088 6.6559209823608398 -0.098088815808296204 0.90692561864852905 0.53071242570877075 -0.50911557674407959 0.30616664886474609 -1.7943092584609985 0.22473825514316559 2.7516863346099854 -1.1820214986801147 -0.37300920486450195 0.22649061679840088 1.0288770198822021 0.82133746147155762 0.42674756050109863 -0.38166025280952454 0.21757322549819946
b3
-0.041844870895147324
